2.445179576365839935e+00 4.247651567190766642e+00
2.447177377922268526e+00 4.249923052713907801e+00
2.449175735926635955e+00 4.252192032375250008e+00
2.451174647445554466e+00 4.254458516006002000e+00
2.453174109556854887e+00 4.256722513420529985e+00
2.455174119350921558e+00 4.258984034416195996e+00
2.457174673929044761e+00 4.261243088776926591e+00
2.459175770405578998e+00 4.263499686266990274e+00
2.461177405904342752e+00 4.265753836632708129e+00
2.463179577562373268e+00 4.268005549604561466e+00
2.465182282527572433e+00 4.270254834894628537e+00
