2.845726537040047521e+00
2.839305642014364306e+00
2.828575028181767870e+00
2.813490346575564960e+00
2.793988143863045170e+00
2.769984417267274512e+00
2.741372634376432860e+00
2.708021112066613778e+00
2.669769607605596562e+00
2.626424920267182550e+00
2.577755228064362747e+00
2.523482784809669255e+00
2.463274470901993585e+00
2.396729525609161637e+00
2.323363611712536692e+00
2.242588283520417392e+00
2.153685349930416493e+00
2.067096399719219768e+00
2.058689016083638190e+00
2.055777997640704680e+00
2.044618620738611892e+00
2.024796816630769047e+00
1.999097384624440865e+00
1.967354027483946055e+00
1.947810360973306398e+00
1.828587790918013045e+00
1.697120806128089354e+00
1.554699289198486767e+00
