["port 2","RIGHT"]
["port 3","LEFT"]
["port 4","RIGHT"]
["port 1","LEFT"]
("port 1","mode 1",1,"port 1",1,"transmission")
(21, 3)
1.8737028625000000e+14 1.5688090213439759e-01 1.9553971542998523e+00
1.8795765391849531e+14 1.4354346128997172e-01 2.6590552471361613e+00
1.8854871572327044e+14 1.1588665606430383e-01 4.2060512610259639e+00
1.8914350662460569e+14 1.5756707823391403e-01 5.4618311096598546e+00
1.8974206202531647e+14 1.7753458705480435e-01 6.9108073460700181e+00
1.9034441777777778e+14 1.6934115296136579e-01 8.2347477857140650e+00
1.9095061019108281e+14 1.7767740581989797e-01 9.8664537466000102e+00
1.9156067603833866e+14 1.4365304871475063e-01 1.1630748850642110e+01
1.9217465256410256e+14 1.4261486950298025e-01 1.3332628035994773e+01
1.9279257749196144e+14 1.3545173545384531e-01 1.5211852700298142e+01
1.9341448903225806e+14 1.4288225990216155e-01 1.7081775010871532e+01
1.9404042588996762e+14 1.1945941598193517e-01 1.9248779447571398e+01
1.9467042727272725e+14 1.1401957372800459e-01 2.1092019597071776e+01
1.9530453289902281e+14 1.2467477448052713e-01 2.3487512072424824e+01
1.9594278300653594e+14 8.8380662775758539e-02 2.5499375829301901e+01
1.9658521836065575e+14 7.2397950054208043e-02 2.8001368662247298e+01
1.9723188026315788e+14 6.0615800575447944e-02 3.0372493492015728e+01
1.9788281056105609e+14 1.0369660088706269e-01 3.2259241488128474e+01
1.9853805165562916e+14 1.5594800705725778e-01 3.5308321758417584e+01
1.9919764651162791e+14 1.9935626071207974e-01 3.8423184819497941e+01
1.9986163866666666e+14 2.5880771959980881e-01 3.5579782401451631e+01
("port 1","mode 1",1,"port 3",1,"transmission")
(21, 3)
1.8737028625000000e+14 3.1683017826644733e-02 2.4640940394255137e+00
1.8795765391849531e+14 2.8044551688427333e-02 2.5527978485870779e+00
1.8854871572327044e+14 6.4254412707665506e-02 4.4912555581872091e+00
1.8914350662460569e+14 1.3742479617675873e-01 5.6129261605779481e+00
1.8974206202531647e+14 1.6878805669270738e-01 7.0256768854467646e+00
1.9034441777777778e+14 1.6424190868079641e-01 8.3682834340618726e+00
1.9095061019108281e+14 1.6575700251175646e-01 9.9537778060692119e+00
1.9156067603833866e+14 1.3693174235105959e-01 1.1607571896246098e+01
1.9217465256410256e+14 1.5718427731689477e-01 1.3249586346594086e+01
1.9279257749196144e+14 1.5332301582244226e-01 1.5383169707058382e+01
1.9341448903225806e+14 9.7391627436494113e-02 1.7355085211187436e+01
1.9404042588996762e+14 9.2656016175550332e-02 1.8856020949204147e+01
1.9467042727272725e+14 1.3563703434649310e-01 2.1191498599254153e+01
1.9530453289902281e+14 1.3408258416267410e-01 2.3641025609058655e+01
1.9594278300653594e+14 1.1427396323352842e-01 2.6011679990688798e+01
1.9658521836065575e+14 1.0305020750378345e-01 2.8527235371938396e+01
1.9723188026315788e+14 1.2722917027223607e-01 3.1459070292570594e+01
1.9788281056105609e+14 7.1841410034515815e-02 3.4157561657969069e+01
1.9853805165562916e+14 9.0282818417603189e-02 3.7120397157235196e+01
1.9919764651162791e+14 1.1476439053529368e-01 3.4059721583670651e+01
1.9986163866666666e+14 8.9860680047634797e-02 3.1406085372452427e+01
("port 1","mode 1",1,"port 2",1,"transmission")
(21, 3)
1.8737028625000000e+14 2.8562050115655430e-01 -9.3988378390477079e-01
1.8795765391849531e+14 3.9849621009315844e-01 -2.9138088676091365e+00
1.8854871572327044e+14 4.1093684956634768e-01 -4.9393651134420669e+00
1.8914350662460569e+14 4.2548191504447530e-01 -6.6985361173425222e+00
1.8974206202531647e+14 4.6464270200308827e-01 -8.2164726673369373e+00
1.9034441777777778e+14 4.7545842482797473e-01 -9.7052109715704145e+00
1.9095061019108281e+14 5.1566373451658098e-01 -1.1167642105615522e+01
1.9156067603833866e+14 5.3992052803954782e-01 -1.2523377363909345e+01
1.9217465256410256e+14 5.6846058759695772e-01 -1.3886377059046847e+01
1.9279257749196144e+14 5.8304739384310644e-01 -1.5185906677167219e+01
1.9341448903225806e+14 5.8936662752425428e-01 -1.6405791441121341e+01
1.9404042588996762e+14 5.9591975857639112e-01 -1.7549653789778443e+01
1.9467042727272725e+14 5.5302431459707024e-01 -1.8566113392400911e+01
1.9530453289902281e+14 5.1450789599110991e-01 -1.9595214579030014e+01
1.9594278300653594e+14 4.9701494896714588e-01 -2.0502118424655830e+01
1.9658521836065575e+14 4.6188356638492911e-01 -2.1307913630710445e+01
1.9723188026315788e+14 4.4012519233148162e-01 -2.2138403019096362e+01
1.9788281056105609e+14 4.6552572959532262e-01 -2.2695992593153825e+01
1.9853805165562916e+14 3.7864264832370453e-01 -2.3154953285638392e+01
1.9919764651162791e+14 2.8812309329593716e-01 -2.3670793105218216e+01
1.9986163866666666e+14 2.2405790541653448e-01 -2.4571959802770120e+01
("port 1","mode 1",1,"port 4",1,"transmission")
(21, 3)
1.8737028625000000e+14 5.1729277183716016e-01 1.4477545145264301e+00
1.8795765391849531e+14 4.6236834383373815e-01 -3.1918382793968686e-01
1.8854871572327044e+14 4.9215489867784901e-01 -1.9001950329234112e+00
1.8914350662460569e+14 5.1577235358992390e-01 -3.5713155295329675e+00
1.8974206202531647e+14 4.9384236203988113e-01 -5.3241879067325053e+00
1.9034441777777778e+14 4.9431372454503170e-01 -6.9451077709672981e+00
1.9095061019108281e+14 4.3849999860199840e-01 -8.4729674105097708e+00
1.9156067603833866e+14 4.0105579617999043e-01 -1.0034712398879359e+01
1.9217465256410256e+14 3.3909275098566044e-01 -1.1481631106942974e+01
1.9279257749196144e+14 3.1879261715117313e-01 -1.2943810058207950e+01
1.9341448903225806e+14 2.9021755581390590e-01 -1.4305428923101193e+01
1.9404042588996762e+14 2.8528503403851729e-01 -1.5707876048281177e+01
1.9467042727272725e+14 3.2942557101960129e-01 -1.6856770673554895e+01
1.9530453289902281e+14 3.5833647502398863e-01 -1.7873301732641234e+01
1.9594278300653594e+14 3.9443017754646675e-01 -1.9023861155101507e+01
1.9658521836065575e+14 4.6247317293339324e-01 -1.9825578073002937e+01
1.9723188026315788e+14 4.8635271269581876e-01 -2.0633056506801257e+01
1.9788281056105609e+14 5.7320250228044323e-01 -2.1374443415338146e+01
1.9853805165562916e+14 5.8605767287361898e-01 -2.1903918884395154e+01
1.9919764651162791e+14 5.3336171834969459e-01 -2.2454910230277875e+01
1.9986163866666666e+14 5.8872365325670239e-01 -2.2973250089467953e+01
("port 3","mode 1",1,"port 1",1,"transmission")
(21, 3)
1.8737028625000000e+14 3.1682981895755975e-02 2.4640944624073780e+00
1.8795765391849531e+14 2.8044548979190256e-02 2.5527966073121302e+00
1.8854871572327044e+14 6.4254425298552728e-02 4.4912552563296284e+00
1.8914350662460569e+14 1.3742480463875975e-01 5.6129261390027896e+00
1.8974206202531647e+14 1.6878805448959919e-01 7.0256768926225037e+00
1.9034441777777778e+14 1.6424191111097308e-01 8.3682833698317083e+00
1.9095061019108281e+14 1.6575701537867238e-01 9.9537777499135274e+00
1.9156067603833866e+14 1.3693176071678329e-01 1.1607571979653603e+01
1.9217465256410256e+14 1.5718427768751456e-01 1.3249586551897883e+01
1.9279257749196144e+14 1.5332297883029078e-01 1.5383169859755792e+01
1.9341448903225806e+14 9.7391610453375022e-02 1.7355084848006168e+01
1.9404042588996762e+14 9.2656040387991037e-02 1.8856020871251211e+01
1.9467042727272725e+14 1.3563704009065797e-01 2.1191498653728747e+01
1.9530453289902281e+14 1.3408257996033460e-01 2.3641025691635573e+01
1.9594278300653594e+14 1.1427395828742719e-01 2.6011679789081604e+01
1.9658521836065575e+14 1.0305023029852413e-01 2.8527235420597172e+01
1.9723188026315788e+14 1.2722916344347618e-01 3.1459070387149090e+01
1.9788281056105609e+14 7.1841403088980973e-02 3.4157561572175936e+01
1.9853805165562916e+14 9.0282814294891225e-02 3.7120397087927280e+01
1.9919764651162791e+14 1.1476439635445096e-01 3.4059721623110534e+01
1.9986163866666666e+14 8.9860678527358781e-02 3.1406085288228219e+01
("port 3","mode 1",1,"port 3",1,"transmission")
(21, 3)
1.8737028625000000e+14 1.5688084009279621e-01 1.9553978021371383e+00
1.8795765391849531e+14 1.4354340132967336e-01 2.6590551998313212e+00
1.8854871572327044e+14 1.1588661298005495e-01 4.2060510141228082e+00
1.8914350662460569e+14 1.5756708432957114e-01 5.4618310098336451e+00
1.8974206202531647e+14 1.7753458428587415e-01 6.9108073597438633e+00
1.9034441777777778e+14 1.6934113512817942e-01 8.2347477084539413e+00
1.9095061019108281e+14 1.7767740820151420e-01 9.8664535364567705e+00
1.9156067603833866e+14 1.4365309275939919e-01 1.1630748740279726e+01
1.9217465256410256e+14 1.4261487905636200e-01 1.3332628228707529e+01
1.9279257749196144e+14 1.3545172502686281e-01 1.5211852625236084e+01
1.9341448903225806e+14 1.4288229206263328e-01 1.7081774952853646e+01
1.9404042588996762e+14 1.1945947499653871e-01 1.9248780195891115e+01
1.9467042727272725e+14 1.1401949406834368e-01 2.1092019826471326e+01
1.9530453289902281e+14 1.2467477211201458e-01 2.3487511594767710e+01
1.9594278300653594e+14 8.8380645311177494e-02 2.5499376175331342e+01
1.9658521836065575e+14 7.2397961124547411e-02 2.8001367900837067e+01
1.9723188026315788e+14 6.0615839311132132e-02 3.0372494197424015e+01
1.9788281056105609e+14 1.0369652927753699e-01 3.2259241513556425e+01
1.9853805165562916e+14 1.5594802614811881e-01 3.5308321527613302e+01
1.9919764651162791e+14 1.9935626479089294e-01 3.8423184948750617e+01
1.9986163866666666e+14 2.5880771393852164e-01 3.5579782381973956e+01
("port 3","mode 1",1,"port 2",1,"transmission")
(21, 3)
1.8737028625000000e+14 5.1729276741866759e-01 1.4477544945018390e+00
1.8795765391849531e+14 4.6236835195980536e-01 -3.1918384032044128e-01
1.8854871572327044e+14 4.9215490777635101e-01 -1.9001950227448603e+00
1.8914350662460569e+14 5.1577235157818013e-01 -3.5713155373943426e+00
1.8974206202531647e+14 4.9384236260439901e-01 -5.3241879014029507e+00
1.9034441777777778e+14 4.9431372137611251e-01 -6.9451077616717622e+00
1.9095061019108281e+14 4.3849999224150504e-01 -8.4729674250134543e+00
1.9156067603833866e+14 4.0105579497781790e-01 -1.0034712393466787e+01
1.9217465256410256e+14 3.3909275642627662e-01 -1.1481631125846661e+01
1.9279257749196144e+14 3.1879260916512514e-01 -1.2943810050954697e+01
1.9341448903225806e+14 2.9021754452152765e-01 -1.4305428934829051e+01
1.9404042588996762e+14 2.8528505408859284e-01 -1.5707876080816362e+01
1.9467042727272725e+14 3.2942557596528388e-01 -1.6856770640329142e+01
1.9530453289902281e+14 3.5833645517599971e-01 -1.7873301721141850e+01
1.9594278300653594e+14 3.9443018658865175e-01 -1.9023861220331447e+01
1.9658521836065575e+14 4.6247318489827355e-01 -1.9825578080728850e+01
1.9723188026315788e+14 4.8635269841360818e-01 -2.0633056469592884e+01
1.9788281056105609e+14 5.7320249964845171e-01 -2.1374443430425757e+01
1.9853805165562916e+14 5.8605767965709854e-01 -2.1903918882398088e+01
1.9919764651162791e+14 5.3336171582966940e-01 -2.2454910240577281e+01
1.9986163866666666e+14 5.8872364789302545e-01 -2.2973250078935852e+01
("port 3","mode 1",1,"port 4",1,"transmission")
(21, 3)
1.8737028625000000e+14 2.8562049110230475e-01 -9.3988376834511322e-01
1.8795765391849531e+14 3.9849622973401266e-01 -2.9138090160497150e+00
1.8854871572327044e+14 4.1093688288639463e-01 -4.9393651404361112e+00
1.8914350662460569e+14 4.2548192720514449e-01 -6.6985361318158319e+00
1.8974206202531647e+14 4.6464269560387766e-01 -8.2164726792087208e+00
1.9034441777777778e+14 4.7545841151620055e-01 -9.7052110034372081e+00
1.9095061019108281e+14 5.1566372496085566e-01 -1.1167642152946916e+01
1.9156067603833866e+14 5.3992051912093786e-01 -1.2523377402921664e+01
1.9217465256410256e+14 5.6846056776926979e-01 -1.3886377071511758e+01
1.9279257749196144e+14 5.8304738124076583e-01 -1.5185906706988598e+01
1.9341448903225806e+14 5.8936665265026411e-01 -1.6405791457340069e+01
1.9404042588996762e+14 5.9591970279461748e-01 -1.7549653769412359e+01
1.9467042727272725e+14 5.5302434333195383e-01 -1.8566113370376470e+01
1.9530453289902281e+14 5.1450789791659202e-01 -1.9595214556924109e+01
1.9594278300653594e+14 4.9701491923484148e-01 -2.0502118531700724e+01
1.9658521836065575e+14 4.6188355306956175e-01 -2.1307913703974720e+01
1.9723188026315788e+14 4.4012521875567939e-01 -2.2138402856072233e+01
1.9788281056105609e+14 4.6552570658587406e-01 -2.2695992615444400e+01
1.9853805165562916e+14 3.7864265958904153e-01 -2.3154953366109371e+01
1.9919764651162791e+14 2.8812309851547319e-01 -2.3670793080458257e+01
1.9986163866666666e+14 2.2405790672985246e-01 -2.4571959771345110e+01
("port 2","mode 1",1,"port 1",1,"transmission")
(21, 3)
1.8737028625000000e+14 2.8562050115655430e-01 -9.3988378390478133e-01
1.8795765391849531e+14 3.9849621009316211e-01 -2.9138088676091365e+00
1.8854871572327044e+14 4.1093684956634863e-01 -4.9393651134420615e+00
1.8914350662460569e+14 4.2548191504447574e-01 -6.6985361173425186e+00
1.8974206202531647e+14 4.6464270200308844e-01 -8.2164726673369408e+00
1.9034441777777778e+14 4.7545842482797768e-01 -9.7052109715704198e+00
1.9095061019108281e+14 5.1566373451658176e-01 -1.1167642105615524e+01
1.9156067603833866e+14 5.3992052803954926e-01 -1.2523377363909347e+01
1.9217465256410256e+14 5.6846058759695894e-01 -1.3886377059046854e+01
1.9279257749196144e+14 5.8304739384311188e-01 -1.5185906677167225e+01
1.9341448903225806e+14 5.8936662752425772e-01 -1.6405791441121348e+01
1.9404042588996762e+14 5.9591975857639645e-01 -1.7549653789778446e+01
1.9467042727272725e+14 5.5302431459707801e-01 -1.8566113392400911e+01
1.9530453289902281e+14 5.1450789599111479e-01 -1.9595214579030010e+01
1.9594278300653594e+14 4.9701494896715004e-01 -2.0502118424655823e+01
1.9658521836065575e+14 4.6188356638492928e-01 -2.1307913630710441e+01
1.9723188026315788e+14 4.4012519233148167e-01 -2.2138403019096366e+01
1.9788281056105609e+14 4.6552572959532512e-01 -2.2695992593153832e+01
1.9853805165562916e+14 3.7864264832370453e-01 -2.3154953285638395e+01
1.9919764651162791e+14 2.8812309329594099e-01 -2.3670793105218234e+01
1.9986163866666666e+14 2.2405790541653645e-01 -2.4571959802770117e+01
("port 2","mode 1",1,"port 3",1,"transmission")
(21, 3)
1.8737028625000000e+14 5.1729277183716771e-01 1.4477545145264263e+00
1.8795765391849531e+14 4.6236834383374209e-01 -3.1918382793969086e-01
1.8854871572327044e+14 4.9215489867785067e-01 -1.9001950329234183e+00
1.8914350662460569e+14 5.1577235358992712e-01 -3.5713155295329768e+00
1.8974206202531647e+14 4.9384236203988624e-01 -5.3241879067325080e+00
1.9034441777777778e+14 4.9431372454503453e-01 -6.9451077709673008e+00
1.9095061019108281e+14 4.3849999860200400e-01 -8.4729674105097743e+00
1.9156067603833866e+14 4.0105579617999476e-01 -1.0034712398879355e+01
1.9217465256410256e+14 3.3909275098566566e-01 -1.1481631106942968e+01
1.9279257749196144e+14 3.1879261715117718e-01 -1.2943810058207946e+01
1.9341448903225806e+14 2.9021755581391090e-01 -1.4305428923101189e+01
1.9404042588996762e+14 2.8528503403851929e-01 -1.5707876048281173e+01
1.9467042727272725e+14 3.2942557101960651e-01 -1.6856770673554898e+01
1.9530453289902281e+14 3.5833647502399524e-01 -1.7873301732641231e+01
1.9594278300653594e+14 3.9443017754647347e-01 -1.9023861155101510e+01
1.9658521836065575e+14 4.6247317293339829e-01 -1.9825578073002937e+01
1.9723188026315788e+14 4.8635271269582420e-01 -2.0633056506801260e+01
1.9788281056105609e+14 5.7320250228044844e-01 -2.1374443415338142e+01
1.9853805165562916e+14 5.8605767287362531e-01 -2.1903918884395154e+01
1.9919764651162791e+14 5.3336171834969570e-01 -2.2454910230277875e+01
1.9986163866666666e+14 5.8872365325671328e-01 -2.2973250089467946e+01
("port 2","mode 1",1,"port 2",1,"transmission")
(21, 3)
1.8737028625000000e+14 1.5688090213439118e-01 1.9553971542998283e+00
1.8795765391849531e+14 1.4354346128996717e-01 2.6590552471361399e+00
1.8854871572327044e+14 1.1588665606430075e-01 4.2060512610259320e+00
1.8914350662460569e+14 1.5756707823391194e-01 5.4618311096598342e+00
1.8974206202531647e+14 1.7753458705479963e-01 6.9108073460699959e+00
1.9034441777777778e+14 1.6934115296136193e-01 8.2347477857140348e+00
1.9095061019108281e+14 1.7767740581989630e-01 9.8664537465999871e+00
1.9156067603833866e+14 1.4365304871475393e-01 1.1630748850642092e+01
1.9217465256410256e+14 1.4261486950298449e-01 1.3332628035994766e+01
1.9279257749196144e+14 1.3545173545384392e-01 1.5211852700298113e+01
1.9341448903225806e+14 1.4288225990215711e-01 1.7081775010871471e+01
1.9404042588996762e+14 1.1945941598193495e-01 1.9248779447571348e+01
1.9467042727272725e+14 1.1401957372800563e-01 2.1092019597071765e+01
1.9530453289902281e+14 1.2467477448052397e-01 2.3487512072424821e+01
1.9594278300653594e+14 8.8380662775758512e-02 2.5499375829301901e+01
1.9658521836065575e+14 7.2397950054210361e-02 2.8001368662247316e+01
1.9723188026315788e+14 6.0615800575444787e-02 3.0372493492015757e+01
1.9788281056105609e+14 1.0369660088706173e-01 3.2259241488128488e+01
1.9853805165562916e+14 1.5594800705726197e-01 3.5308321758417563e+01
1.9919764651162791e+14 1.9935626071208251e-01 3.8423184819497926e+01
1.9986163866666666e+14 2.5880771959981203e-01 3.5579782401451624e+01
("port 2","mode 1",1,"port 4",1,"transmission")
(21, 3)
1.8737028625000000e+14 3.1683017826646599e-02 2.4640940394253894e+00
1.8795765391849531e+14 2.8044551688428763e-02 2.5527978485871388e+00
1.8854871572327044e+14 6.4254412707662911e-02 4.4912555581871878e+00
1.8914350662460569e+14 1.3742479617675546e-01 5.6129261605779330e+00
1.8974206202531647e+14 1.6878805669270716e-01 7.0256768854467486e+00
1.9034441777777778e+14 1.6424190868080124e-01 8.3682834340618637e+00
1.9095061019108281e+14 1.6575700251176012e-01 9.9537778060691942e+00
1.9156067603833866e+14 1.3693174235105998e-01 1.1607571896246039e+01
1.9217465256410256e+14 1.5718427731689483e-01 1.3249586346594036e+01
1.9279257749196144e+14 1.5332301582244148e-01 1.5383169707058363e+01
1.9341448903225806e+14 9.7391627436494280e-02 1.7355085211187411e+01
1.9404042588996762e+14 9.2656016175554745e-02 1.8856020949204126e+01
1.9467042727272725e+14 1.3563703434649985e-01 2.1191498599254142e+01
1.9530453289902281e+14 1.3408258416268351e-01 2.3641025609058659e+01
1.9594278300653594e+14 1.1427396323353622e-01 2.6011679990688840e+01
1.9658521836065575e+14 1.0305020750379211e-01 2.8527235371938453e+01
1.9723188026315788e+14 1.2722917027224429e-01 3.1459070292570569e+01
1.9788281056105609e+14 7.1841410034518619e-02 3.4157561657969083e+01
1.9853805165562916e+14 9.0282818417607838e-02 3.7120397157235274e+01
1.9919764651162791e+14 1.1476439053529476e-01 3.4059721583670665e+01
1.9986163866666666e+14 8.9860680047635769e-02 3.1406085372452477e+01
("port 4","mode 1",1,"port 1",1,"transmission")
(21, 3)
1.8737028625000000e+14 5.1729276741867236e-01 1.4477544945018379e+00
1.8795765391849531e+14 4.6236835195980880e-01 -3.1918384032044111e-01
1.8854871572327044e+14 4.9215490777635335e-01 -1.9001950227448665e+00
1.8914350662460569e+14 5.1577235157818413e-01 -3.5713155373943484e+00
1.8974206202531647e+14 4.9384236260440278e-01 -5.3241879014029516e+00
1.9034441777777778e+14 4.9431372137611596e-01 -6.9451077616717658e+00
1.9095061019108281e+14 4.3849999224151059e-01 -8.4729674250134561e+00
1.9156067603833866e+14 4.0105579497782207e-01 -1.0034712393466789e+01
1.9217465256410256e+14 3.3909275642628417e-01 -1.1481631125846658e+01
1.9279257749196144e+14 3.1879260916513097e-01 -1.2943810050954692e+01
1.9341448903225806e+14 2.9021754452153253e-01 -1.4305428934829040e+01
1.9404042588996762e+14 2.8528505408859645e-01 -1.5707876080816355e+01
1.9467042727272725e+14 3.2942557596528760e-01 -1.6856770640329131e+01
1.9530453289902281e+14 3.5833645517600438e-01 -1.7873301721141846e+01
1.9594278300653594e+14 3.9443018658865531e-01 -1.9023861220331437e+01
1.9658521836065575e+14 4.6247318489827355e-01 -1.9825578080728846e+01
1.9723188026315788e+14 4.8635269841361006e-01 -2.0633056469592880e+01
1.9788281056105609e+14 5.7320249964845293e-01 -2.1374443430425750e+01
1.9853805165562916e+14 5.8605767965710098e-01 -2.1903918882398084e+01
1.9919764651162791e+14 5.3336171582966674e-01 -2.2454910240577277e+01
1.9986163866666666e+14 5.8872364789303300e-01 -2.2973250078935848e+01
("port 4","mode 1",1,"port 3",1,"transmission")
(21, 3)
1.8737028625000000e+14 2.8562049110230753e-01 -9.3988376834510468e-01
1.8795765391849531e+14 3.9849622973401772e-01 -2.9138090160497154e+00
1.8854871572327044e+14 4.1093688288639585e-01 -4.9393651404361067e+00
1.8914350662460569e+14 4.2548192720514616e-01 -6.6985361318158256e+00
1.8974206202531647e+14 4.6464269560388100e-01 -8.2164726792087190e+00
1.9034441777777778e+14 4.7545841151620583e-01 -9.7052110034372063e+00
1.9095061019108281e+14 5.1566372496085955e-01 -1.1167642152946911e+01
1.9156067603833866e+14 5.3992051912094219e-01 -1.2523377402921659e+01
1.9217465256410256e+14 5.6846056776927278e-01 -1.3886377071511756e+01
1.9279257749196144e+14 5.8304738124076994e-01 -1.5185906706988597e+01
1.9341448903225806e+14 5.8936665265026811e-01 -1.6405791457340065e+01
1.9404042588996762e+14 5.9591970279461959e-01 -1.7549653769412355e+01
1.9467042727272725e+14 5.5302434333195494e-01 -1.8566113370376467e+01
1.9530453289902281e+14 5.1450789791659424e-01 -1.9595214556924113e+01
1.9594278300653594e+14 4.9701491923484470e-01 -2.0502118531700727e+01
1.9658521836065575e+14 4.6188355306956780e-01 -2.1307913703974723e+01
1.9723188026315788e+14 4.4012521875568605e-01 -2.2138402856072229e+01
1.9788281056105609e+14 4.6552570658587961e-01 -2.2695992615444396e+01
1.9853805165562916e+14 3.7864265958904308e-01 -2.3154953366109361e+01
1.9919764651162791e+14 2.8812309851546891e-01 -2.3670793080458264e+01
1.9986163866666666e+14 2.2405790672985446e-01 -2.4571959771345135e+01
("port 4","mode 1",1,"port 2",1,"transmission")
(21, 3)
1.8737028625000000e+14 3.1682981895754511e-02 2.4640944624073859e+00
1.8795765391849531e+14 2.8044548979186127e-02 2.5527966073121537e+00
1.8854871572327044e+14 6.4254425298546219e-02 4.4912552563296524e+00
1.8914350662460569e+14 1.3742480463875295e-01 5.6129261390027860e+00
1.8974206202531647e+14 1.6878805448959744e-01 7.0256768926225117e+00
1.9034441777777778e+14 1.6424191111097533e-01 8.3682833698317403e+00
1.9095061019108281e+14 1.6575701537867432e-01 9.9537777499135576e+00
1.9156067603833866e+14 1.3693176071678262e-01 1.1607571979653613e+01
1.9217465256410256e+14 1.5718427768751422e-01 1.3249586551897877e+01
1.9279257749196144e+14 1.5332297883029164e-01 1.5383169859755796e+01
1.9341448903225806e+14 9.7391610453375146e-02 1.7355084848006179e+01
1.9404042588996762e+14 9.2656040387986055e-02 1.8856020871251207e+01
1.9467042727272725e+14 1.3563704009065525e-01 2.1191498653728736e+01
1.9530453289902281e+14 1.3408257996033637e-01 2.3641025691635541e+01
1.9594278300653594e+14 1.1427395828742881e-01 2.6011679789081548e+01
1.9658521836065575e+14 1.0305023029852385e-01 2.8527235420597126e+01
1.9723188026315788e+14 1.2722916344347851e-01 3.1459070387149026e+01
1.9788281056105609e+14 7.1841403088984429e-02 3.4157561572175879e+01
1.9853805165562916e+14 9.0282814294897998e-02 3.7120397087927294e+01
1.9919764651162791e+14 1.1476439635445805e-01 3.4059721623110491e+01
1.9986163866666666e+14 8.9860678527364263e-02 3.1406085288228216e+01
("port 4","mode 1",1,"port 4",1,"transmission")
(21, 3)
1.8737028625000000e+14 1.5688084009278741e-01 1.9553978021371310e+00
1.8795765391849531e+14 1.4354340132966520e-01 2.6590551998313146e+00
1.8854871572327044e+14 1.1588661298004986e-01 4.2060510141228118e+00
1.8914350662460569e+14 1.5756708432956809e-01 5.4618310098336558e+00
1.8974206202531647e+14 1.7753458428587102e-01 6.9108073597438713e+00
1.9034441777777778e+14 1.6934113512817420e-01 8.2347477084539396e+00
1.9095061019108281e+14 1.7767740820151021e-01 9.8664535364567527e+00
1.9156067603833866e+14 1.4365309275940069e-01 1.1630748740279721e+01
1.9217465256410256e+14 1.4261487905636722e-01 1.3332628228707545e+01
1.9279257749196144e+14 1.3545172502686526e-01 1.5211852625236123e+01
1.9341448903225806e+14 1.4288229206263237e-01 1.7081774952853664e+01
1.9404042588996762e+14 1.1945947499653836e-01 1.9248780195891122e+01
1.9467042727272725e+14 1.1401949406834168e-01 2.1092019826471336e+01
1.9530453289902281e+14 1.2467477211200763e-01 2.3487511594767703e+01
1.9594278300653594e+14 8.8380645311171999e-02 2.5499376175331324e+01
1.9658521836065575e+14 7.2397961124543470e-02 2.8001367900837018e+01
1.9723188026315788e+14 6.0615839311123819e-02 3.0372494197423887e+01
1.9788281056105609e+14 1.0369652927753745e-01 3.2259241513556361e+01
1.9853805165562916e+14 1.5594802614812348e-01 3.5308321527613266e+01
1.9919764651162791e+14 1.9935626479089874e-01 3.8423184948750595e+01
1.9986163866666666e+14 2.5880771393852481e-01 3.5579782381973928e+01
