["port 4","RIGHT"]
["port 1","LEFT"]
["port 3","LEFT"]
["port 2","RIGHT"]
("port 1","mode 1",1,"port 1",1,"transmission")
(21, 3)
1.8737028625000000e+14 8.1308344645359937e-02 2.8945485341076185e+00
1.8795765391849531e+14 6.3050488371904675e-02 3.6146678633233269e+00
1.8854871572327044e+14 5.6318065267259902e-02 4.3935126000072877e+00
1.8914350662460569e+14 3.8688047140035001e-02 5.9138601927132379e+00
1.8974206202531647e+14 3.8804807860548886e-02 7.4363704369503045e+00
1.9034441777777778e+14 2.1124837362747510e-02 9.2249300929716522e+00
1.9095061019108281e+14 3.5859508870594520e-03 1.0054882042762101e+01
1.9156067603833866e+14 9.5603445637180713e-04 1.3024059985239379e+01
1.9217465256410256e+14 6.0065571930122521e-03 1.0042105994668850e+01
1.9279257749196144e+14 4.2573871650405911e-03 1.2362176741101678e+01
1.9341448903225806e+14 2.1562957997699342e-03 1.5251104871078361e+01
1.9404042588996762e+14 7.0063985116720299e-03 1.8057892321709563e+01
1.9467042727272725e+14 6.9215126275802858e-03 1.9963603625379704e+01
1.9530453289902281e+14 1.0898656672286360e-02 2.1563304102308141e+01
1.9594278300653594e+14 3.4289177385157309e-03 2.4686805016686460e+01
1.9658521836065575e+14 4.5412385385271634e-03 2.5601470173117399e+01
1.9723188026315788e+14 1.4831025495844208e-03 2.4680171401084749e+01
1.9788281056105609e+14 3.2704312703759252e-02 2.6548521464877116e+01
1.9853805165562916e+14 2.6651050794722561e-02 2.6737639270467543e+01
1.9919764651162791e+14 5.4653204299454451e-02 2.8480431242165000e+01
1.9986163866666666e+14 6.8428353789675239e-02 3.1382598973118537e+01
("port 1","mode 1",1,"port 3",1,"transmission")
(21, 3)
1.8737028625000000e+14 2.6668411375657723e-02 2.5561527216175053e+00
1.8795765391849531e+14 2.4662220478950815e-02 2.8584865339719214e+00
1.8854871572327044e+14 1.4670118203560692e-02 2.5426500034856008e+00
1.8914350662460569e+14 1.9960244560674294e-02 2.2960956197074154e+00
1.8974206202531647e+14 2.4101316844947960e-02 2.3053954394992218e+00
1.9034441777777778e+14 6.8218616110431755e-03 3.6991550684489898e+00
1.9095061019108281e+14 1.2584273779871036e-02 2.5815209477823915e+00
1.9156067603833866e+14 8.6875186913466362e-03 -3.4035898633259487e-01
1.9217465256410256e+14 6.1754232809879085e-03 2.3994312384834342e+00
1.9279257749196144e+14 1.9096480811809093e-03 3.4027795671752994e+00
1.9341448903225806e+14 2.0013553455438655e-03 6.0002273798202248e+00
1.9404042588996762e+14 1.1382344521293885e-03 8.9884311901158949e+00
1.9467042727272725e+14 5.2552299485392109e-03 8.1142534089984757e+00
1.9530453289902281e+14 8.3542978707111352e-03 1.0212569373735620e+01
1.9594278300653594e+14 8.9547386741018163e-03 1.1555151130517558e+01
1.9658521836065575e+14 1.4815401694633686e-02 1.3104553029033111e+01
1.9723188026315788e+14 1.1687654034762362e-02 1.2763887835927623e+01
1.9788281056105609e+14 2.8991741817812982e-02 1.4149716599663806e+01
1.9853805165562916e+14 2.9071773719312327e-02 1.6326309660681328e+01
1.9919764651162791e+14 1.5686918326210445e-02 1.8483313872251760e+01
1.9986163866666666e+14 4.5868937972110169e-02 1.9788600126548278e+01
("port 1","mode 1",1,"port 2",1,"transmission")
(21, 3)
1.8737028625000000e+14 5.2923909848938155e-01 -2.1339040078460187e+00
1.8795765391849531e+14 5.2104985422579631e-01 -4.6333413991600993e+00
1.8854871572327044e+14 5.5273348656201415e-01 -7.0966825539583329e+00
1.8914350662460569e+14 5.8519793844378754e-01 -9.3995085022208897e+00
1.8974206202531647e+14 6.0291203619045841e-01 -1.1688084716054192e+01
1.9034441777777778e+14 6.1065266480951386e-01 -1.3863272757231712e+01
1.9095061019108281e+14 6.5636063469295303e-01 -1.6004946159182136e+01
1.9156067603833866e+14 6.6074283544583490e-01 -1.8079627696258697e+01
1.9217465256410256e+14 6.7668042802738593e-01 -2.0053210468032077e+01
1.9279257749196144e+14 6.8592813792509733e-01 -2.1982825201942088e+01
1.9341448903225806e+14 6.9553919777127038e-01 -2.3826107519490346e+01
1.9404042588996762e+14 6.9755393209051686e-01 -2.5594959847843569e+01
1.9467042727272725e+14 6.9413168945894932e-01 -2.7296539598330344e+01
1.9530453289902281e+14 6.7614423429644988e-01 -2.8936778151524699e+01
1.9594278300653594e+14 6.5273110395915801e-01 -3.0498918948744890e+01
1.9658521836065575e+14 6.3060150337690357e-01 -3.1992803557840887e+01
1.9723188026315788e+14 6.0308196953692095e-01 -3.3411354210838596e+01
1.9788281056105609e+14 5.7418180343830638e-01 -3.4733198214858561e+01
1.9853805165562916e+14 5.6151300113770208e-01 -3.5973344069766419e+01
1.9919764651162791e+14 4.8217369373840896e-01 -3.7194050716714187e+01
1.9986163866666666e+14 4.8308362735302124e-01 -3.8302933672602578e+01
("port 1","mode 1",1,"port 4",1,"transmission")
(21, 3)
1.8737028625000000e+14 5.0583153405268966e-01 2.5371546377689271e+00
1.8795765391849531e+14 5.0844598785366835e-01 3.6188624523215392e-03
1.8854871572327044e+14 5.5315541531856460e-01 -2.3621413023672972e+00
1.8914350662460569e+14 5.6636175702352465e-01 -4.7509565466996104e+00
1.8974206202531647e+14 6.1020057765178370e-01 -6.9801008396743995e+00
1.9034441777777778e+14 6.2893335882066093e-01 -9.1897907946731738e+00
1.9095061019108281e+14 6.4921857631838986e-01 -1.1314224872106848e+01
1.9156067603833866e+14 6.7202906938976048e-01 -1.3358974707798287e+01
1.9217465256410256e+14 6.8265809204000238e-01 -1.5340110155656436e+01
1.9279257749196144e+14 6.9263411429702504e-01 -1.7253747649723902e+01
1.9341448903225806e+14 6.9367160550569162e-01 -1.9099935493854503e+01
1.9404042588996762e+14 6.8580190379290584e-01 -2.0880097950476625e+01
1.9467042727272725e+14 6.8313325754293741e-01 -2.2582855027698908e+01
1.9530453289902281e+14 6.7609067646418830e-01 -2.4226262741924955e+01
1.9594278300653594e+14 6.5504949458181549e-01 -2.5791512245555111e+01
1.9658521836065575e+14 6.2977256911982082e-01 -2.7257640753949097e+01
1.9723188026315788e+14 6.2010959637333618e-01 -2.8676684548925582e+01
1.9788281056105609e+14 5.8585032369527990e-01 -3.0036800720983425e+01
1.9853805165562916e+14 5.2422114896432259e-01 -3.1350334103933342e+01
1.9919764651162791e+14 4.8310390851404456e-01 -3.2619650019097243e+01
1.9986163866666666e+14 4.4432521911428968e-01 -3.3744114936772348e+01
("port 3","mode 1",1,"port 1",1,"transmission")
(21, 3)
1.8737028625000000e+14 2.6668418831684769e-02 2.5561527000478117e+00
1.8795765391849531e+14 2.4662215130217758e-02 2.8584862688296404e+00
1.8854871572327044e+14 1.4670112363303026e-02 2.5426498280064873e+00
1.8914350662460569e+14 1.9960245323463400e-02 2.2960958824385975e+00
1.8974206202531647e+14 2.4101316109875918e-02 2.3053955283538641e+00
1.9034441777777778e+14 6.8218602375854651e-03 3.6991552782026411e+00
1.9095061019108281e+14 1.2584273566542755e-02 2.5815208545465600e+00
1.9156067603833866e+14 8.6875173820161536e-03 -3.4035928703459073e-01
1.9217465256410256e+14 6.1754244452161796e-03 2.3994313056981800e+00
1.9279257749196144e+14 1.9096479312206449e-03 3.4027795667003082e+00
1.9341448903225806e+14 2.0013550806650391e-03 6.0002274136510483e+00
1.9404042588996762e+14 1.1382340592184421e-03 8.9884316387890113e+00
1.9467042727272725e+14 5.2552299339492757e-03 8.1142535791227690e+00
1.9530453289902281e+14 8.3542966521079898e-03 1.0212569465782426e+01
1.9594278300653594e+14 8.9547394542160517e-03 1.1555150967136589e+01
1.9658521836065575e+14 1.4815403513907584e-02 1.3104552994847314e+01
1.9723188026315788e+14 1.1687652077270709e-02 1.2763887825597951e+01
1.9788281056105609e+14 2.8991732317632336e-02 1.4149716661605815e+01
1.9853805165562916e+14 2.9071777442057807e-02 1.6326309669348905e+01
1.9919764651162791e+14 1.5686922090748168e-02 1.8483314401927316e+01
1.9986163866666666e+14 4.5868932203771008e-02 1.9788600018275417e+01
("port 3","mode 1",1,"port 3",1,"transmission")
(21, 3)
1.8737028625000000e+14 8.1308339402618432e-02 2.8945487772748062e+00
1.8795765391849531e+14 6.3050468516162736e-02 3.6146680253153063e+00
1.8854871572327044e+14 5.6318063938462955e-02 4.3935129619257474e+00
1.8914350662460569e+14 3.8688046950402677e-02 5.9138603487692665e+00
1.8974206202531647e+14 3.8804798112035889e-02 7.4363707262964800e+00
1.9034441777777778e+14 2.1124827289013725e-02 9.2249307122572741e+00
1.9095061019108281e+14 3.5859440498481302e-03 1.0054880527944924e+01
1.9156067603833866e+14 9.5603128782577795e-04 1.3024062477499282e+01
1.9217465256410256e+14 6.0065597536315433e-03 1.0042105901593477e+01
1.9279257749196144e+14 4.2573896746643681e-03 1.2362176428176898e+01
1.9341448903225806e+14 2.1562948240222359e-03 1.5251105013613572e+01
1.9404042588996762e+14 7.0064005297301290e-03 1.8057892794982862e+01
1.9467042727272725e+14 6.9215140396808967e-03 1.9963604175811273e+01
1.9530453289902281e+14 1.0898652272237604e-02 2.1563304750206406e+01
1.9594278300653594e+14 3.4289198471384079e-03 2.4686804743964437e+01
1.9658521836065575e+14 4.5412326831614815e-03 2.5601471561529220e+01
1.9723188026315788e+14 1.4831043887051319e-03 2.4680167667880070e+01
1.9788281056105609e+14 3.2704320594667491e-02 2.6548521373777987e+01
1.9853805165562916e+14 2.6651043771265807e-02 2.6737640134773219e+01
1.9919764651162791e+14 5.4653184405199236e-02 2.8480431136402728e+01
1.9986163866666666e+14 6.8428355568043289e-02 3.1382598519980164e+01
("port 3","mode 1",1,"port 2",1,"transmission")
(21, 3)
1.8737028625000000e+14 5.0583153105207934e-01 2.5371546617117309e+00
1.8795765391849531e+14 5.0844598612898517e-01 3.6188552799171578e-03
1.8854871572327044e+14 5.5315540452048662e-01 -2.3621413051351539e+00
1.8914350662460569e+14 5.6636175984304893e-01 -4.7509565539885106e+00
1.8974206202531647e+14 6.1020057687607721e-01 -6.9801008401281468e+00
1.9034441777777778e+14 6.2893336358976470e-01 -9.1897908067258225e+00
1.9095061019108281e+14 6.4921857736392075e-01 -1.1314224871098133e+01
1.9156067603833866e+14 6.7202906760240866e-01 -1.3358974706311900e+01
1.9217465256410256e+14 6.8265809241279418e-01 -1.5340110155065751e+01
1.9279257749196144e+14 6.9263411445792467e-01 -1.7253747649532173e+01
1.9341448903225806e+14 6.9367160483312940e-01 -1.9099935494312948e+01
1.9404042588996762e+14 6.8580190287292819e-01 -2.0880097951240277e+01
1.9467042727272725e+14 6.8313325877532216e-01 -2.2582855028941619e+01
1.9530453289902281e+14 6.7609067554312263e-01 -2.4226262741529812e+01
1.9594278300653594e+14 6.5504949100149501e-01 -2.5791512244095845e+01
1.9658521836065575e+14 6.2977257107374685e-01 -2.7257640751116636e+01
1.9723188026315788e+14 6.2010959267205068e-01 -2.8676684554070157e+01
1.9788281056105609e+14 5.8585032458039266e-01 -3.0036800712489512e+01
1.9853805165562916e+14 5.2422115564349259e-01 -3.1350334123681719e+01
1.9919764651162791e+14 4.8310390082655075e-01 -3.2619649999807827e+01
1.9986163866666666e+14 4.4432521617338561e-01 -3.3744114941157790e+01
("port 3","mode 1",1,"port 4",1,"transmission")
(21, 3)
1.8737028625000000e+14 5.2923909713321449e-01 -2.1339039782675577e+00
1.8795765391849531e+14 5.2104985540357329e-01 -4.6333414039727625e+00
1.8854871572327044e+14 5.5273348291402069e-01 -7.0966825429825020e+00
1.8914350662460569e+14 5.8519794558022309e-01 -9.3995084961852484e+00
1.8974206202531647e+14 6.0291202401590871e-01 -1.1688084709394674e+01
1.9034441777777778e+14 6.1065266958920883e-01 -1.3863272757331979e+01
1.9095061019108281e+14 6.5636063026757041e-01 -1.6004946138612013e+01
1.9156067603833866e+14 6.6074283682628920e-01 -1.8079627688413865e+01
1.9217465256410256e+14 6.7668042754812485e-01 -2.0053210457093488e+01
1.9279257749196144e+14 6.8592813824311094e-01 -2.1982825193719986e+01
1.9341448903225806e+14 6.9553919727478075e-01 -2.3826107511233985e+01
1.9404042588996762e+14 6.9755393064946969e-01 -2.5594959839252692e+01
1.9467042727272725e+14 6.9413169145601783e-01 -2.7296539590408528e+01
1.9530453289902281e+14 6.7614423287312986e-01 -2.8936778145669003e+01
1.9594278300653594e+14 6.5273111283813257e-01 -3.0498918941336854e+01
1.9658521836065575e+14 6.3060150284383520e-01 -3.1992803553138938e+01
1.9723188026315788e+14 6.0308198021048620e-01 -3.3411354209096011e+01
1.9788281056105609e+14 5.7418181765667120e-01 -3.4733198224755419e+01
1.9853805165562916e+14 5.6151300335191889e-01 -3.5973344063203683e+01
1.9919764651162791e+14 4.8217369107003621e-01 -3.7194050712075196e+01
1.9986163866666666e+14 4.8308361704359015e-01 -3.8302933670531608e+01
("port 2","mode 1",1,"port 1",1,"transmission")
(21, 3)
1.8737028625000000e+14 5.2923909848938810e-01 -2.1339040078460347e+00
1.8795765391849531e+14 5.2104985422579508e-01 -4.6333413991600949e+00
1.8854871572327044e+14 5.5273348656201027e-01 -7.0966825539583454e+00
1.8914350662460569e+14 5.8519793844378620e-01 -9.3995085022208933e+00
1.8974206202531647e+14 6.0291203619045730e-01 -1.1688084716054195e+01
1.9034441777777778e+14 6.1065266480951141e-01 -1.3863272757231712e+01
1.9095061019108281e+14 6.5636063469294881e-01 -1.6004946159182140e+01
1.9156067603833866e+14 6.6074283544583257e-01 -1.8079627696258694e+01
1.9217465256410256e+14 6.7668042802737860e-01 -2.0053210468032081e+01
1.9279257749196144e+14 6.8592813792509200e-01 -2.1982825201942092e+01
1.9341448903225806e+14 6.9553919777126716e-01 -2.3826107519490346e+01
1.9404042588996762e+14 6.9755393209051098e-01 -2.5594959847843569e+01
1.9467042727272725e+14 6.9413168945894643e-01 -2.7296539598330348e+01
1.9530453289902281e+14 6.7614423429644033e-01 -2.8936778151524702e+01
1.9594278300653594e+14 6.5273110395915046e-01 -3.0498918948744894e+01
1.9658521836065575e+14 6.3060150337690146e-01 -3.1992803557840887e+01
1.9723188026315788e+14 6.0308196953691473e-01 -3.3411354210838603e+01
1.9788281056105609e+14 5.7418180343830083e-01 -3.4733198214858568e+01
1.9853805165562916e+14 5.6151300113770242e-01 -3.5973344069766434e+01
1.9919764651162791e+14 4.8217369373841118e-01 -3.7194050716714194e+01
1.9986163866666666e+14 4.8308362735301763e-01 -3.8302933672602592e+01
("port 2","mode 1",1,"port 3",1,"transmission")
(21, 3)
1.8737028625000000e+14 5.0583153405268921e-01 2.5371546377689134e+00
1.8795765391849531e+14 5.0844598785367134e-01 3.6188624523147694e-03
1.8854871572327044e+14 5.5315541531855883e-01 -2.3621413023673119e+00
1.8914350662460569e+14 5.6636175702352376e-01 -4.7509565466996104e+00
1.8974206202531647e+14 6.1020057765177793e-01 -6.9801008396744093e+00
1.9034441777777778e+14 6.2893335882066281e-01 -9.1897907946731738e+00
1.9095061019108281e+14 6.4921857631839275e-01 -1.1314224872106854e+01
1.9156067603833866e+14 6.7202906938975027e-01 -1.3358974707798293e+01
1.9217465256410256e+14 6.8265809203999706e-01 -1.5340110155656440e+01
1.9279257749196144e+14 6.9263411429702115e-01 -1.7253747649723906e+01
1.9341448903225806e+14 6.9367160550568585e-01 -1.9099935493854513e+01
1.9404042588996762e+14 6.8580190379290362e-01 -2.0880097950476632e+01
1.9467042727272725e+14 6.8313325754293142e-01 -2.2582855027698919e+01
1.9530453289902281e+14 6.7609067646418641e-01 -2.4226262741924963e+01
1.9594278300653594e+14 6.5504949458181250e-01 -2.5791512245555118e+01
1.9658521836065575e+14 6.2977256911981550e-01 -2.7257640753949108e+01
1.9723188026315788e+14 6.2010959637333196e-01 -2.8676684548925589e+01
1.9788281056105609e+14 5.8585032369527956e-01 -3.0036800720983436e+01
1.9853805165562916e+14 5.2422114896432137e-01 -3.1350334103933356e+01
1.9919764651162791e+14 4.8310390851404073e-01 -3.2619650019097250e+01
1.9986163866666666e+14 4.4432521911429229e-01 -3.3744114936772370e+01
("port 2","mode 1",1,"port 2",1,"transmission")
(21, 3)
1.8737028625000000e+14 8.1308344645353359e-02 2.8945485341077206e+00
1.8795765391849531e+14 6.3050488371903177e-02 3.6146678633234246e+00
1.8854871572327044e+14 5.6318065267261463e-02 4.3935126000074520e+00
1.8914350662460569e+14 3.8688047140038456e-02 5.9138601927132157e+00
1.8974206202531647e+14 3.8804807860548511e-02 7.4363704369502104e+00
1.9034441777777778e+14 2.1124837362746975e-02 9.2249300929715012e+00
1.9095061019108281e+14 3.5859508870614383e-03 1.0054882042761578e+01
1.9156067603833866e+14 9.5603445636930566e-04 1.3024059985238488e+01
1.9217465256410256e+14 6.0065571930126771e-03 1.0042105994669200e+01
1.9279257749196144e+14 4.2573871650424967e-03 1.2362176741101729e+01
1.9341448903225806e+14 2.1562957997697300e-03 1.5251104871077818e+01
1.9404042588996762e+14 7.0063985116710593e-03 1.8057892321709751e+01
1.9467042727272725e+14 6.9215126275798443e-03 1.9963603625379839e+01
1.9530453289902281e+14 1.0898656672289654e-02 2.1563304102308187e+01
1.9594278300653594e+14 3.4289177385159516e-03 2.4686805016685135e+01
1.9658521836065575e+14 4.5412385385296926e-03 2.5601470173116713e+01
1.9723188026315788e+14 1.4831025495822530e-03 2.4680171401087676e+01
1.9788281056105609e+14 3.2704312703756622e-02 2.6548521464877439e+01
1.9853805165562916e+14 2.6651050794704825e-02 2.6737639270467657e+01
1.9919764651162791e+14 5.4653204299440428e-02 2.8480431242164890e+01
1.9986163866666666e+14 6.8428353789659030e-02 3.1382598973118636e+01
("port 2","mode 1",1,"port 4",1,"transmission")
(21, 3)
1.8737028625000000e+14 2.6668411375665065e-02 2.5561527216173063e+00
1.8795765391849531e+14 2.4662220478949861e-02 2.8584865339717065e+00
1.8854871572327044e+14 1.4670118203559008e-02 2.5426500034853672e+00
1.8914350662460569e+14 1.9960244560677003e-02 2.2960956197069038e+00
1.8974206202531647e+14 2.4101316844952557e-02 2.3053954394990139e+00
1.9034441777777778e+14 6.8218616110451826e-03 3.6991550684483623e+00
1.9095061019108281e+14 1.2584273779872000e-02 2.5815209477824532e+00
1.9156067603833866e+14 8.6875186913471444e-03 -3.4035898633276163e-01
1.9217465256410256e+14 6.1754232809861868e-03 2.3994312384831971e+00
1.9279257749196144e+14 1.9096480811795467e-03 3.4027795671734014e+00
1.9341448903225806e+14 2.0013553455389354e-03 6.0002273798207932e+00
1.9404042588996762e+14 1.1382344521310983e-03 8.9884311901205578e+00
1.9467042727272725e+14 5.2552299485348515e-03 8.1142534089980174e+00
1.9530453289902281e+14 8.3542978707081082e-03 1.0212569373735935e+01
1.9594278300653594e+14 8.9547386740997641e-03 1.1555151130517661e+01
1.9658521836065575e+14 1.4815401694633554e-02 1.3104553029033058e+01
1.9723188026315788e+14 1.1687654034759298e-02 1.2763887835927518e+01
1.9788281056105609e+14 2.8991741817804603e-02 1.4149716599663639e+01
1.9853805165562916e+14 2.9071773719307355e-02 1.6326309660681463e+01
1.9919764651162791e+14 1.5686918326198444e-02 1.8483313872252161e+01
1.9986163866666666e+14 4.5868937972093904e-02 1.9788600126548150e+01
("port 4","mode 1",1,"port 1",1,"transmission")
(21, 3)
1.8737028625000000e+14 5.0583153105207257e-01 2.5371546617117455e+00
1.8795765391849531e+14 5.0844598612896896e-01 3.6188552799205215e-03
1.8854871572327044e+14 5.5315540452048217e-01 -2.3621413051351472e+00
1.8914350662460569e+14 5.6636175984304427e-01 -4.7509565539885141e+00
1.8974206202531647e+14 6.1020057687607787e-01 -6.9801008401281432e+00
1.9034441777777778e+14 6.2893336358976604e-01 -9.1897908067258296e+00
1.9095061019108281e+14 6.4921857736391619e-01 -1.1314224871098133e+01
1.9156067603833866e+14 6.7202906760240766e-01 -1.3358974706311898e+01
1.9217465256410256e+14 6.8265809241278863e-01 -1.5340110155065751e+01
1.9279257749196144e+14 6.9263411445792444e-01 -1.7253747649532173e+01
1.9341448903225806e+14 6.9367160483312362e-01 -1.9099935494312945e+01
1.9404042588996762e+14 6.8580190287292642e-01 -2.0880097951240273e+01
1.9467042727272725e+14 6.8313325877531839e-01 -2.2582855028941619e+01
1.9530453289902281e+14 6.7609067554312030e-01 -2.4226262741529816e+01
1.9594278300653594e+14 6.5504949100148990e-01 -2.5791512244095848e+01
1.9658521836065575e+14 6.2977257107374174e-01 -2.7257640751116636e+01
1.9723188026315788e+14 6.2010959267205013e-01 -2.8676684554070157e+01
1.9788281056105609e+14 5.8585032458039055e-01 -3.0036800712489505e+01
1.9853805165562916e+14 5.2422115564348559e-01 -3.1350334123681712e+01
1.9919764651162791e+14 4.8310390082654986e-01 -3.2619649999807820e+01
1.9986163866666666e+14 4.4432521617338805e-01 -3.3744114941157768e+01
("port 4","mode 1",1,"port 3",1,"transmission")
(21, 3)
1.8737028625000000e+14 5.2923909713320560e-01 -2.1339039782675426e+00
1.8795765391849531e+14 5.2104985540356774e-01 -4.6333414039727705e+00
1.8854871572327044e+14 5.5273348291401825e-01 -7.0966825429824913e+00
1.8914350662460569e+14 5.8519794558021943e-01 -9.3995084961852484e+00
1.8974206202531647e+14 6.0291202401590160e-01 -1.1688084709394671e+01
1.9034441777777778e+14 6.1065266958920095e-01 -1.3863272757331981e+01
1.9095061019108281e+14 6.5636063026756386e-01 -1.6004946138612009e+01
1.9156067603833866e+14 6.6074283682628021e-01 -1.8079627688413858e+01
1.9217465256410256e+14 6.7668042754811597e-01 -2.0053210457093488e+01
1.9279257749196144e+14 6.8592813824310017e-01 -2.1982825193719982e+01
1.9341448903225806e+14 6.9553919727476921e-01 -2.3826107511233985e+01
1.9404042588996762e+14 6.9755393064945959e-01 -2.5594959839252688e+01
1.9467042727272725e+14 6.9413169145600762e-01 -2.7296539590408528e+01
1.9530453289902281e+14 6.7614423287312198e-01 -2.8936778145669006e+01
1.9594278300653594e+14 6.5273111283812524e-01 -3.0498918941336857e+01
1.9658521836065575e+14 6.3060150284382877e-01 -3.1992803553138938e+01
1.9723188026315788e+14 6.0308198021048021e-01 -3.3411354209096011e+01
1.9788281056105609e+14 5.7418181765666909e-01 -3.4733198224755427e+01
1.9853805165562916e+14 5.6151300335190713e-01 -3.5973344063203683e+01
1.9919764651162791e+14 4.8217369107002889e-01 -3.7194050712075203e+01
1.9986163866666666e+14 4.8308361704358227e-01 -3.8302933670531594e+01
("port 4","mode 1",1,"port 2",1,"transmission")
(21, 3)
1.8737028625000000e+14 2.6668418831684915e-02 2.5561527000476580e+00
1.8795765391849531e+14 2.4662215130213216e-02 2.8584862688294028e+00
1.8854871572327044e+14 1.4670112363302361e-02 2.5426498280061094e+00
1.8914350662460569e+14 1.9960245323462900e-02 2.2960958824385451e+00
1.8974206202531647e+14 2.4101316109873865e-02 2.3053955283537686e+00
1.9034441777777778e+14 6.8218602375808186e-03 3.6991552782027672e+00
1.9095061019108281e+14 1.2584273566541316e-02 2.5815208545464001e+00
1.9156067603833866e+14 8.6875173820150312e-03 -3.4035928703436702e-01
1.9217465256410256e+14 6.1754244452179013e-03 2.3994313056983887e+00
1.9279257749196144e+14 1.9096479312207038e-03 3.4027795667016734e+00
1.9341448903225806e+14 2.0013550806674725e-03 6.0002274136520350e+00
1.9404042588996762e+14 1.1382340592210793e-03 8.9884316387871603e+00
1.9467042727272725e+14 5.2552299339480883e-03 8.1142535791235133e+00
1.9530453289902281e+14 8.3542966521101512e-03 1.0212569465782597e+01
1.9594278300653594e+14 8.9547394542180535e-03 1.1555150967136743e+01
1.9658521836065575e+14 1.4815403513908665e-02 1.3104552994847481e+01
1.9723188026315788e+14 1.1687652077267446e-02 1.2763887825598122e+01
1.9788281056105609e+14 2.8991732317624697e-02 1.4149716661605838e+01
1.9853805165562916e+14 2.9071777442053984e-02 1.6326309669349126e+01
1.9919764651162791e+14 1.5686922090748782e-02 1.8483314401927768e+01
1.9986163866666666e+14 4.5868932203766553e-02 1.9788600018275442e+01
("port 4","mode 1",1,"port 4",1,"transmission")
(21, 3)
1.8737028625000000e+14 8.1308339402630297e-02 2.8945487772745380e+00
1.8795765391849531e+14 6.3050468516156602e-02 3.6146680253150154e+00
1.8854871572327044e+14 5.6318063938450555e-02 4.3935129619255102e+00
1.8914350662460569e+14 3.8688046950396147e-02 5.9138603487694388e+00
1.8974206202531647e+14 3.8804798112040795e-02 7.4363707262965022e+00
1.9034441777777778e+14 2.1124827289012819e-02 9.2249307122570805e+00
1.9095061019108281e+14 3.5859440498441555e-03 1.0054880527944505e+01
1.9156067603833866e+14 9.5603128782616544e-04 1.3024062477503533e+01
1.9217465256410256e+14 6.0065597536344377e-03 1.0042105901592647e+01
1.9279257749196144e+14 4.2573896746607685e-03 1.2362176428176312e+01
1.9341448903225806e+14 2.1562948240223261e-03 1.5251105013614980e+01
1.9404042588996762e+14 7.0064005297332905e-03 1.8057892794982486e+01
1.9467042727272725e+14 6.9215140396820798e-03 1.9963604175810573e+01
1.9530453289902281e+14 1.0898652272235394e-02 2.1563304750206157e+01
1.9594278300653594e+14 3.4289198471361064e-03 2.4686804743965236e+01
1.9658521836065575e+14 4.5412326831585168e-03 2.5601471561529241e+01
1.9723188026315788e+14 1.4831043887065325e-03 2.4680167667876482e+01
1.9788281056105609e+14 3.2704320594666977e-02 2.6548521373777827e+01
1.9853805165562916e+14 2.6651043771268396e-02 2.6737640134773240e+01
1.9919764651162791e+14 5.4653184405204516e-02 2.8480431136402743e+01
1.9986163866666666e+14 6.8428355568049340e-02 3.1382598519980114e+01
