["port_1","LEFT"]
["port_2","RIGHT"]
["port_3","LEFT"]
["port_4","RIGHT"]
("port_1","mode 1",1,"port_1",1,"transmission",1.28548e-13)
(53, 3)
1.8737028624999997e+14 8.8163718748167363e-03 1.6360603658821149e+00
1.8762011329833331e+14 8.5868442521608353e-03 1.4129879828871583e+00
1.8786994034666662e+14 8.5616751758795916e-03 1.1927331665444354e+00
1.8811976739499997e+14 8.6404846547340885e-03 9.8615511222918162e-01
1.8836959444333331e+14 8.6812813269292397e-03 7.9925996760290818e-01
1.8861942149166662e+14 8.5658464156947826e-03 6.3252306447379247e-01
1.8886924853999997e+14 8.2440197981945695e-03 4.8179591540209671e-01
1.8911907558833331e+14 7.7391958445494685e-03 3.3842220741507834e-01
1.8936890263666662e+14 7.1201175165740037e-03 1.8914124096900570e-01
1.8961872968499997e+14 6.4705864286606655e-03 1.8182737710031194e-02
1.8986855673333331e+14 5.8754554395669505e-03 -1.8702220060108890e-01
1.9011838378166662e+14 5.4096766158104621e-03 -4.2630085444107541e-01
1.9036821082999997e+14 5.1087516097037579e-03 -6.8003828822937595e-01
1.9061803787833331e+14 4.9376215483698518e-03 -9.1679557600557726e-01
1.9086786492666666e+14 4.8062489343127009e-03 -1.1128362511752570e+00
1.9111769197499997e+14 4.6300530511506404e-03 -1.2628323361360156e+00
1.9136751902333331e+14 4.3610520083851483e-03 -1.3770980102822232e+00
1.9161734607166666e+14 3.9753542475629141e-03 -1.4751661164572198e+00
1.9186717311999997e+14 3.4599413909036339e-03 -1.5789627551721985e+00
1.9211700016833331e+14 2.8276375115226767e-03 -1.7095554919609133e+00
1.9236682721666666e+14 2.1425232775401067e-03 -1.8899426110126047e+00
1.9261665426499997e+14 1.5169455060667755e-03 -2.1511785545462132e+00
1.9286648131333331e+14 1.0716712973413418e-03 -2.5123171170412193e+00
1.9311630836166666e+14 8.4285972222882650e-04 -2.8879472619651025e+00
1.9336613540999997e+14 7.2642417195727810e-04 -3.1027216699266322e+00
1.9359660086208747e+14 6.4937425010143108e-04 -3.0813742020127353e+00
1.9361596245833331e+14 6.1087175619406573e-04 -3.0745931552991754e+00
1.9363532405457916e+14 5.7472392573872197e-04 -3.0813742020127353e+00
1.9386578950666666e+14 4.8387406520310043e-04 -2.7197368809123019e+00
1.9411561655499997e+14 5.1016836890605043e-04 -1.9568180228781196e+00
1.9436544360333331e+14 8.6908181958454038e-04 -1.4266601653988791e+00
1.9461527065166666e+14 1.4122595634826875e-03 -1.2565977490456084e+00
1.9486509769999997e+14 1.9701895997368351e-03 -1.2394780082753871e+00
1.9511492474833331e+14 2.4193844083981002e-03 -1.2945458847885876e+00
1.9536475179666666e+14 2.6957030251622532e-03 -1.3954188904893554e+00
1.9561457884499997e+14 2.8143094119430891e-03 -1.5373826575687197e+00
1.9586440589333331e+14 2.8637374662913379e-03 -1.7257405785301567e+00
1.9611423294166666e+14 2.9738174376801704e-03 -1.9601876311216235e+00
1.9636405999000000e+14 3.2582511228184466e-03 -2.2182853270902192e+00
1.9661388703833331e+14 3.7474879534951325e-03 -2.4648420585032351e+00
1.9686371408666666e+14 4.3699940759192946e-03 -2.6791658636348572e+00
1.9711354113500000e+14 4.9989069455885198e-03 -2.8616631576548746e+00
1.9736336818333331e+14 5.5176468475252411e-03 -3.0222927871060232e+00
1.9761319523166666e+14 5.8660703561771201e-03 -3.1730700004819341e+00
1.9786302228000000e+14 6.0540221123360667e-03 -3.3268914217936993e+00
1.9811284932833331e+14 6.1481332055426845e-03 -3.4970345005064933e+00
1.9836267637666666e+14 6.2454970415513414e-03 -3.6933274620836296e+00
1.9861250342500000e+14 6.4432170781302100e-03 -3.9153201564405462e+00
1.9886233047333331e+14 6.7987451089822400e-03 -4.1493494167341911e+00
1.9911215752166666e+14 7.2971396556036914e-03 -4.3761581075590907e+00
1.9936198457000000e+14 7.8565313966879966e-03 -4.5824683523689149e+00
1.9961181161833331e+14 8.3767629667657346e-03 -4.7662233148005893e+00
1.9986163866666666e+14 8.7913581882132028e-03 -4.9340414017149818e+00
("port_1","mode 1",1,"port_2",1,"transmission",2.7605940570110996e-12)
(53, 3)
1.8737028624999997e+14 1.5193315845263669e-01 1.6334944786520980e+00
1.8762011329833331e+14 1.8425437982114737e-01 1.4682677916146303e+00
1.8786994034666662e+14 2.1602071725003244e-01 1.3132104985303947e+00
1.8811976739499997e+14 2.4694069547407829e-01 1.1676436438421987e+00
1.8836959444333331e+14 2.7668195980307303e-01 1.0311321023361257e+00
1.8861942149166662e+14 3.0491148008939223e-01 9.0284104291434741e-01
1.8886924853999997e+14 3.3128767480378796e-01 7.8192267589079001e-01
1.8911907558833331e+14 3.5556919029840084e-01 6.6774939353270002e-01
1.8936890263666662e+14 3.7765773877497799e-01 5.5974246865015076e-01
1.8961872968499997e+14 3.9763050561469421e-01 4.5734240913660973e-01
1.8986855673333331e+14 4.1575447761492951e-01 3.6014575188433878e-01
1.9011838378166662e+14 4.3246060117695073e-01 2.6818955141689804e-01
1.9036821082999997e+14 4.4822634929602800e-01 1.8196778178504860e-01
1.9061803787833331e+14 4.6338440596028002e-01 1.0231970552713195e-01
1.9086786492666666e+14 4.7805949962512795e-01 3.0162688361431590e-02
1.9111769197499997e+14 4.9215319848286077e-01 -3.3822733935798807e-02
1.9136751902333331e+14 5.0538223293673745e-01 -8.9292332135662428e-02
1.9161734607166666e+14 5.1735378176837044e-01 -1.3631897476279561e-01
1.9186717311999997e+14 5.2766366190725633e-01 -1.7542407284149145e-01
1.9211700016833331e+14 5.3602961437936392e-01 -2.0755721937429475e-01
1.9236682721666666e+14 5.4240340369941409e-01 -2.3385062617077826e-01
1.9261665426499997e+14 5.4705638487459574e-01 -2.5529763877929801e-01
1.9286648131333331e+14 5.5048720427848241e-01 -2.7252342514477101e-01
1.9311630836166666e+14 5.5323916014565755e-01 -2.8557646233832573e-01
1.9336613540999997e+14 5.5577197588308835e-01 -2.9397689030270657e-01
1.9359660086208747e+14 5.5814065273552338e-01 -2.9694626605594054e-01
1.9361596245833331e+14 5.5834320365904699e-01 -2.9696525887887093e-01
1.9363532405457916e+14 5.5854600045604508e-01 -2.9694626605594054e-01
1.9386578950666666e+14 5.6093706635323604e-01 -2.9370012810907342e-01
1.9411561655499997e+14 5.6330662023185962e-01 -2.8343759158400633e-01
1.9436544360333331e+14 5.6506008971062538e-01 -2.6576988098293941e-01
1.9461527065166666e+14 5.6575344669602967e-01 -2.4069061773712111e-01
1.9486509769999997e+14 5.6504675112298730e-01 -2.0849417915952220e-01
1.9511492474833331e+14 5.6278777568485294e-01 -1.6964448793637146e-01
1.9536475179666666e+14 5.5898153470905509e-01 -1.2457135905649160e-01
1.9561457884499997e+14 5.5373125845317295e-01 -7.3576037028965452e-02
1.9586440589333331e+14 5.4717636443394013e-01 -1.6891751520028621e-02
1.9611423294166666e+14 5.3947104386480604e-01 4.5263689372633732e-02
1.9636405999000000e+14 5.3081776596080921e-01 1.1271724334671945e-01
1.9661388703833331e+14 5.2145356750554861e-01 1.8538838444663355e-01
1.9686371408666666e+14 5.1156022076067587e-01 2.6335068202521522e-01
1.9711354113500000e+14 5.0120833580577728e-01 3.4674542738266934e-01
1.9736336818333331e+14 4.9036168530770075e-01 4.3553920044763200e-01
1.9761319523166666e+14 4.7897485649123028e-01 5.2939560156703169e-01
1.9786302228000000e+14 4.6712696513417185e-01 6.2775949234417450e-01
1.9811284932833331e+14 4.5504680534683711e-01 7.3012872057794920e-01
1.9836267637666666e+14 4.4300565157881994e-01 8.3634504703163304e-01
1.9861250342500000e+14 4.3117860266360686e-01 9.4661174864999065e-01
1.9886233047333331e+14 4.1957641543792618e-01 1.0611711938374839e+00
1.9911215752166666e+14 4.0812059670580209e-01 1.1799719078241564e+00
1.9936198457000000e+14 3.9681482022004799e-01 1.3026214821273712e+00
1.9961181161833331e+14 3.8584260090313410e-01 1.4287227974008279e+00
1.9986163866666666e+14 3.7549846540670756e-01 1.5583456471100205e+00
("port_1","mode 1",1,"port_3",1,"transmission",3.6878066052638223e-12)
(53, 3)
1.8737028624999997e+14 3.8692093371798353e-04 -2.5211235648046717e+00
1.8762011329833331e+14 3.5055969927715594e-04 -2.7438945278921989e+00
1.8786994034666662e+14 3.1356301965873183e-04 -3.1039752330686610e+00
1.8811976739499997e+14 3.2355040263089692e-04 -3.5111815392174237e+00
1.8836959444333331e+14 3.5547594154693076e-04 -3.7955096558440640e+00
1.8861942149166662e+14 3.5899277084985208e-04 -4.0023016253366421e+00
1.8886924853999997e+14 3.3023217530028499e-04 -4.2569289581431846e+00
1.8911907558833331e+14 3.1007230595470444e-04 -4.6175500538233116e+00
1.8936890263666662e+14 3.2418592025588809e-04 -4.9718692677637115e+00
1.8961872968499997e+14 3.4031705096295611e-04 -5.2298111546815278e+00
1.8986855673333331e+14 3.2919543906270737e-04 -5.4686746230717382e+00
1.9011838378166662e+14 3.0787530433744532e-04 -5.7814582037450224e+00
1.9036821082999997e+14 3.0969479619285287e-04 -6.1383552184086696e+00
1.9061803787833331e+14 3.2648185192863072e-04 -6.4279946490320947e+00
1.9086786492666666e+14 3.2558229961269098e-04 -6.6668443305568426e+00
1.9111769197499997e+14 3.0604729576139350e-04 -6.9466236069771954e+00
1.9136751902333331e+14 2.9691578551215855e-04 -7.2920096360899835e+00
1.9161734607166666e+14 3.0728733455371210e-04 -7.6133552710631154e+00
1.9186717311999997e+14 3.1266579029048475e-04 -7.8776946546203082e+00
1.9211700016833331e+14 3.0194996565284076e-04 -8.1524884035805254e+00
1.9236682721666666e+14 2.9431030372305272e-04 -8.4803029311754710e+00
1.9261665426499997e+14 3.0370265396110151e-04 -8.7979862328221792e+00
1.9286648131333331e+14 3.1178099490656311e-04 -9.0548069964866400e+00
1.9311630836166666e+14 3.0050886041734279e-04 -9.3031491089523897e+00
1.9336613540999997e+14 2.8085197432836363e-04 -9.6124060808199481e+00
1.9359660086208747e+14 2.8070308241017844e-04 -9.9705232287840051e+00
1.9361596245833331e+14 2.7639997862166887e-04 -9.9728227691902855e+00
1.9363532405457916e+14 2.7487106063932217e-04 -9.9705232287840051e+00
1.9386578950666666e+14 2.8884401570656134e-04 -1.0301020370663846e+01
1.9411561655499997e+14 3.0045393282135104e-04 -1.0574886708006956e+01
1.9436544360333331e+14 3.0139582204177041e-04 -1.0831471905350700e+01
1.9461527065166666e+14 2.9435248292243772e-04 -1.1097846233919208e+01
1.9486509769999997e+14 2.8360469439215333e-04 -1.1385022517254800e+01
1.9511492474833331e+14 2.7448869464284057e-04 -1.1698200171485725e+01
1.9536475179666666e+14 2.7195264414733020e-04 -1.2025096715197014e+01
1.9561457884499997e+14 2.7484467142443330e-04 -1.2340190075989049e+01
1.9586440589333331e+14 2.7762665288527948e-04 -1.2642100023132151e+01
1.9611423294166666e+14 2.8120706171270483e-04 -1.2946946549853640e+01
1.9636405999000000e+14 2.9105339739177389e-04 -1.3237679610679983e+01
1.9661388703833331e+14 2.9921689219068167e-04 -1.3481703702956489e+01
1.9686371408666666e+14 2.8877234940986705e-04 -1.3698971270315196e+01
1.9711354113500000e+14 2.5726966180374713e-04 -1.3968824300598845e+01
1.9736336818333331e+14 2.3168119966432581e-04 -1.4375992376678671e+01
1.9761319523166666e+14 2.4711524545622111e-04 -1.4828565972046365e+01
1.9786302228000000e+14 2.8952017782971626e-04 -1.5136613293391795e+01
1.9811284932833331e+14 3.1763522432924271e-04 -1.5320074843466223e+01
1.9836267637666666e+14 3.1070922900621031e-04 -1.5474037461114236e+01
1.9861250342500000e+14 2.7317736764009230e-04 -1.5685056045890260e+01
1.9886233047333331e+14 2.3218103496085876e-04 -1.6036974376666659e+01
1.9911215752166666e+14 2.2422910036371059e-04 -1.6504713534106031e+01
1.9936198457000000e+14 2.5111318715081120e-04 -1.6896837818506000e+01
1.9961181161833331e+14 2.7975039662468410e-04 -1.7166221465070464e+01
1.9986163866666666e+14 2.9292369321024940e-04 -1.7389301611325649e+01
("port_1","mode 1",1,"port_4",1,"transmission",2.7256239156878205e-12)
(53, 3)
1.8737028624999997e+14 5.2082612639307801e-01 3.1116148651552149e+00
1.8762011329833331e+14 5.2423961205997949e-01 2.9908933941407456e+00
1.8786994034666662e+14 5.2746908485773281e-01 2.8795746111289886e+00
1.8811976739499997e+14 5.3010430516943940e-01 2.7772544575278659e+00
1.8836959444333331e+14 5.3188423060916057e-01 2.6831958173471584e+00
1.8861942149166662e+14 5.3277124724713765e-01 2.5968203394158111e+00
1.8886924853999997e+14 5.3290834957329614e-01 2.5179645568512496e+00
1.8911907558833331e+14 5.3238955710154146e-01 2.4467072146383870e+00
1.8936890263666662e+14 5.3113550358122774e-01 2.3831208966918203e+00
1.8961872968499997e+14 5.2900135731492581e-01 2.3271216198506091e+00
1.8986855673333331e+14 5.2587539493503344e-01 2.2784941885627203e+00
1.9011838378166662e+14 5.2164903319117994e-01 2.2370302685011070e+00
1.9036821082999997e+14 5.1617315718948542e-01 2.2025035666954573e+00
1.9061803787833331e+14 5.0928742711887021e-01 2.1744959606752521e+00
1.9086786492666666e+14 5.0091555108721220e-01 2.1523764445438336e+00
1.9111769197499997e+14 4.9111311568788929e-01 2.1355012474772579e+00
1.9136751902333331e+14 4.8000356416796669e-01 2.1234160485309745e+00
1.9161734607166666e+14 4.6767391786188450e-01 2.1157786381558248e+00
1.9186717311999997e+14 4.5414325327587207e-01 2.1121322416463850e+00
1.9211700016833331e+14 4.3947251834938572e-01 2.1117963107508930e+00
1.9236682721666666e+14 4.2385059055835517e-01 2.1139431042046861e+00
1.9261665426499997e+14 4.0754549008584567e-01 2.1178152283160481e+00
1.9286648131333331e+14 3.9082191886786888e-01 2.1227330934417568e+00
1.9311630836166666e+14 3.7391772233007636e-01 2.1278235492814832e+00
1.9336613540999997e+14 3.5715984687154001e-01 2.1318589986486138e+00
1.9359660086208747e+14 3.4231050859577783e-01 2.1334480454674956e+00
1.9361596245833331e+14 3.4110929038452725e-01 2.1334582144633290e+00
1.9363532405457916e+14 3.3991696627485696e-01 2.1334480454674956e+00
1.9386578950666666e+14 3.2654861174232347e-01 2.1317076639398733e+00
1.9411561655499997e+14 3.1431711204455876e-01 2.1268407619790874e+00
1.9436544360333331e+14 3.0510333805066214e-01 2.1204471972133212e+00
1.9461527065166666e+14 2.9929656131760457e-01 2.1152040469670106e+00
1.9486509769999997e+14 2.9695390188955673e-01 2.1143817501167517e+00
1.9511492474833331e+14 2.9783323426754421e-01 2.1211154625990800e+00
1.9536475179666666e+14 3.0145735325682355e-01 2.1376091639609167e+00
1.9561457884499997e+14 3.0729538671149442e-01 2.1647179153442369e+00
1.9586440589333331e+14 3.1502985599010053e-01 2.2022039615996158e+00
1.9611423294166666e+14 3.2469317892985439e-01 2.2496103994712482e+00
1.9636405999000000e+14 3.3653985946272247e-01 2.3072092892949292e+00
1.9661388703833331e+14 3.5075795753082056e-01 2.3761993391944016e+00
1.9686371408666666e+14 3.6721389682751177e-01 2.4579701303164669e+00
1.9711354113500000e+14 3.8541148163548172e-01 2.5532997616773692e+00
1.9736336818333331e+14 4.0469047984598266e-01 2.6620919066651925e+00
1.9761319523166666e+14 4.2439465473204918e-01 2.7836045067188322e+00
1.9786302228000000e+14 4.4388403675145333e-01 2.9169092072390090e+00
1.9811284932833331e+14 4.6250294006143849e-01 3.0610143971395338e+00
1.9836267637666666e+14 4.7957310265407821e-01 3.2146498408711319e+00
1.9861250342500000e+14 4.9453471187787440e-01 3.3761879026818944e+00
1.9886233047333331e+14 5.0719317102747896e-01 3.5438125129855282e+00
1.9911215752166666e+14 5.1782448372135392e-01 3.7159860042887147e+00
1.9936198457000000e+14 5.2706966180578496e-01 3.8920318319160998e+00
1.9961181161833331e+14 5.3563792722603432e-01 4.0723187509464847e+00
1.9986163866666666e+14 5.4393229330952020e-01 4.2579428511227411e+00
("port_2","mode 1",1,"port_1",1,"transmission",2.7605989822927175e-12)
(53, 3)
1.8737028624999997e+14 1.5189595610741732e-01 1.6331879845552373e+00
1.8762011329833331e+14 1.8421352592626744e-01 1.4680636132482519e+00
1.8786994034666662e+14 2.1597717037720524e-01 1.3130794400492576e+00
1.8811976739499997e+14 2.4689653307656245e-01 1.1675644855035094e+00
1.8836959444333331e+14 2.7663949958564427e-01 1.0310912672671635e+00
1.8861942149166662e+14 3.0487288192084244e-01 9.0283019643599050e-01
1.8886924853999997e+14 3.3125468533532287e-01 7.8193380903312115e-01
1.8911907558833331e+14 3.5554318892234626e-01 6.6777459686095497e-01
1.8936890263666662e+14 3.7764004094415882e-01 5.5977519984937829e-01
1.8961872968499997e+14 3.9762172760191550e-01 4.5737845564538016e-01
1.8986855673333331e+14 4.1575417359526107e-01 3.6018178303757153e-01
1.9011838378166662e+14 4.3246744195154035e-01 2.6822129877403378e-01
1.9036821082999997e+14 4.4823887425337194e-01 1.8199056892978055e-01
1.9061803787833331e+14 4.6340162545919200e-01 1.0232982576811135e-01
1.9086786492666666e+14 4.7808032901942987e-01 3.0158703953245179e-02
1.9111769197499997e+14 4.9217617674596320e-01 -3.3841490876730058e-02
1.9136751902333331e+14 5.0540542616519712e-01 -8.9326258438192072e-02
1.9161734607166666e+14 5.1737563109204576e-01 -1.3636797895796829e-01
1.9186717311999997e+14 5.2768373523183443e-01 -1.7548779073738399e-01
1.9211700016833331e+14 5.3604745256353858e-01 -2.0763397526896840e-01
1.9236682721666666e+14 5.4241834325013472e-01 -2.3393730261472384e-01
1.9261665426499997e+14 5.4706812044615094e-01 -2.5539120400493337e-01
1.9286648131333331e+14 5.5049543805531620e-01 -2.7262162449348776e-01
1.9311630836166666e+14 5.5324339098047393e-01 -2.8567759011508292e-01
1.9336613540999997e+14 5.5577234881158633e-01 -2.9407953016472899e-01
1.9359660086208747e+14 5.5813838216387801e-01 -2.9704908687920539e-01
1.9361596245833331e+14 5.5834073625930714e-01 -2.9706808460313666e-01
1.9363532405457916e+14 5.5854334671208772e-01 -2.9704908687920545e-01
1.9386578950666666e+14 5.6093214263620472e-01 -2.9380194480229194e-01
1.9411561655499997e+14 5.6329925526985147e-01 -2.8353860502288786e-01
1.9436544360333331e+14 5.6505074532626143e-01 -2.6587154449417738e-01
1.9461527065166666e+14 5.6574282097500417e-01 -2.4079462321398631e-01
1.9486509769999997e+14 5.6503558468914972e-01 -2.0860139076063278e-01
1.9511492474833331e+14 5.6277603344513938e-01 -1.6975560982476731e-01
1.9536475179666666e+14 5.5896892388457187e-01 -1.2468804009333491e-01
1.9561457884499997e+14 5.5371752585891709e-01 -7.3701018480973490e-02
1.9586440589333331e+14 5.4716118042930428e-01 -1.7027562507123978e-02
1.9611423294166666e+14 5.3945420934929067e-01 4.5115451509639269e-02
1.9636405999000000e+14 5.3079895759595963e-01 1.1255490709860502e-01
1.9661388703833331e+14 5.2143195107476958e-01 1.8520983302525598e-01
1.9686371408666666e+14 5.1153521160980753e-01 2.6315438689199028e-01
1.9711354113500000e+14 5.0118034903747766e-01 3.4653030212110031e-01
1.9736336818333331e+14 4.9033129885525095e-01 4.3530526165143257e-01
1.9761319523166666e+14 4.7894267955723319e-01 5.2914555125825669e-01
1.9786302228000000e+14 4.6709321882636412e-01 6.2749776007080205e-01
1.9811284932833331e+14 4.5501072165818202e-01 7.2985892250907614e-01
1.9836267637666666e+14 4.4296608937537341e-01 8.3606972455551054e-01
1.9861250342500000e+14 4.3113493762024957e-01 9.4633174436308765e-01
1.9886233047333331e+14 4.1952880246650548e-01 1.0608861113312711e+00
1.9911215752166666e+14 4.0806974201923835e-01 1.1796812494102378e+00
1.9936198457000000e+14 3.9676181457030923e-01 1.3023248261252760e+00
1.9961181161833331e+14 3.8578853181892631e-01 1.4284188318324909e+00
1.9986163866666666e+14 3.7544441214307855e-01 1.5580339946036017e+00
("port_2","mode 1",1,"port_2",1,"transmission",1.4193339028136794e-13)
(53, 3)
1.8737028624999997e+14 8.7317577888495566e-03 2.1434863188509286e+00
1.8762011329833331e+14 8.5447384147515695e-03 1.8955698884734560e+00
1.8786994034666662e+14 8.5681723666843068e-03 1.6530979796823375e+00
1.8811976739499997e+14 8.6901774682224646e-03 1.4265986406923119e+00
1.8836959444333331e+14 8.7607878608299290e-03 1.2207617124291692e+00
1.8861942149166662e+14 8.6592230676760702e-03 1.0347800066766586e+00
1.8886924853999997e+14 8.3384319537358701e-03 8.6376506382791685e-01
1.8911907558833331e+14 7.8276918207670215e-03 6.9875286857303021e-01
1.8936890263666662e+14 7.2029833485559398e-03 5.2649667288226043e-01
1.8961872968499997e+14 6.5565020485305959e-03 3.3148641270077395e-01
1.8986855673333331e+14 5.9792000802627726e-03 1.0221381907192541e-01
1.9011838378166662e+14 5.5454189427668263e-03 -1.5922877949586095e-01
1.9036821082999997e+14 5.2813510291040699e-03 -4.3153949390369134e-01
1.9061803787833331e+14 5.1384810443618062e-03 -6.8403085807784292e-01
1.9086786492666666e+14 5.0199659760981506e-03 -8.9538755108473822e-01
1.9111769197499997e+14 4.8416598018456419e-03 -1.0621707570517016e+00
1.9136751902333331e+14 4.5598857778063008e-03 -1.1954297112563059e+00
1.9161734607166666e+14 4.1569277130849187e-03 -1.3148525171887833e+00
1.9186717311999997e+14 3.6252767922636472e-03 -1.4422429769285290e+00
1.9211700016833331e+14 2.9828889416575149e-03 -1.5989998480514460e+00
1.9236682721666666e+14 2.2981229958003633e-03 -1.8077148856404828e+00
1.9261665426499997e+14 1.6850457842737295e-03 -2.0939053724904908e+00
1.9286648131333331e+14 1.2592425011027147e-03 -2.4580656932894858e+00
1.9311630836166666e+14 1.0412438993502536e-03 -2.8057533326265025e+00
1.9336613540999997e+14 9.2788893104100089e-04 -3.0026868685108710e+00
1.9359660086208747e+14 8.5711947346916735e-04 -3.0089612861944115e+00
1.9361596245833331e+14 8.1906934063408654e-04 -3.0038893436038556e+00
1.9363532405457916e+14 7.8290653573609285e-04 -3.0089612861944115e+00
1.9386578950666666e+14 6.9129081490634640e-04 -2.7820745801970959e+00
1.9411561655499997e+14 6.4057526108771785e-04 -2.2565377044217971e+00
1.9436544360333331e+14 8.7517364733558361e-04 -1.6954025675611268e+00
1.9461527065166666e+14 1.3520822607760664e-03 -1.4504347495645493e+00
1.9486509769999997e+14 1.8754162844852463e-03 -1.4075003802933126e+00
1.9511492474833331e+14 2.2997979296645803e-03 -1.4625318449004490e+00
1.9536475179666666e+14 2.5548098494973643e-03 -1.5766524386150889e+00
1.9561457884499997e+14 2.6580113471302512e-03 -1.7405063746774965e+00
1.9586440589333331e+14 2.7036746844031783e-03 -1.9563848284985408e+00
1.9611423294166666e+14 2.8261523126818281e-03 -2.2193817441510242e+00
1.9636405999000000e+14 3.1365861322903911e-03 -2.5005893450513068e+00
1.9661388703833331e+14 3.6533022127160021e-03 -2.7625831391575062e+00
1.9686371408666666e+14 4.2922618672055716e-03 -2.9890512387102710e+00
1.9711354113500000e+14 4.9229175503376042e-03 -3.1846580139228537e+00
1.9736336818333331e+14 5.4305435387865210e-03 -3.3608669338663044e+00
1.9761319523166666e+14 5.7593151181045089e-03 -3.5298393800440202e+00
1.9786302228000000e+14 5.9257302272203967e-03 -3.7043540095235650e+00
1.9811284932833331e+14 6.0046268895992735e-03 -3.8973606034335431e+00
1.9836267637666666e+14 6.1006721828365902e-03 -4.1177127892905192e+00
1.9861250342500000e+14 6.3138936874381456e-03 -4.3632927255258984e+00
1.9886233047333331e+14 6.6962534529484783e-03 -4.6186344173563496e+00
1.9911215752166666e+14 7.2207394100493680e-03 -4.8641176132108432e+00
1.9936198457000000e+14 7.7941961973371724e-03 -5.0877610821695889e+00
1.9961181161833331e+14 8.3125907496668736e-03 -5.2889345786027473e+00
1.9986163866666666e+14 8.7113941068677585e-03 -5.4750096027623147e+00
("port_2","mode 1",1,"port_3",1,"transmission",2.7256195602796748e-12)
(53, 3)
1.8737028624999997e+14 5.2081785306158779e-01 3.1111172177547370e+00
1.8762011329833331e+14 5.2422711755911000e-01 2.9904185588894117e+00
1.8786994034666662e+14 5.2745244806144265e-01 2.8791214402759788e+00
1.8811976739499997e+14 5.3008480284867920e-01 2.7768224967207584e+00
1.8836959444333331e+14 5.3186378328174988e-01 2.6827855138905328e+00
1.8861942149166662e+14 5.3275062921167382e-01 2.5964332214126657e+00
1.8886924853999997e+14 5.3288709963271552e-01 2.5176027752752006e+00
1.8911907558833331e+14 5.3236695197993800e-01 2.4463720627648997e+00
1.8936890263666662e+14 5.3111115752152027e-01 2.3828125617114968e+00
1.8961872968499997e+14 5.2897480262090268e-01 2.3268409911160672e+00
1.8986855673333331e+14 5.2584595271398149e-01 2.2782419634749402e+00
1.9011838378166662e+14 5.2161596649965125e-01 2.2368047604361885e+00
1.9036821082999997e+14 5.1613652340934257e-01 2.2023012848655479e+00
1.9061803787833331e+14 5.0924875135838710e-01 2.1743133058955344e+00
1.9086786492666666e+14 5.0087741842911926e-01 2.1522107762008820e+00
1.9111769197499997e+14 4.9107830965706534e-01 2.1353513184745365e+00
1.9136751902333331e+14 4.7997457951300526e-01 2.1232815310738595e+00
1.9161734607166666e+14 4.6765292673128794e-01 2.1156600266888792e+00
1.9186717311999997e+14 4.5413221593127784e-01 2.1120306043845347e+00
1.9211700016833331e+14 4.3947220837587342e-01 2.1117136624865998e+00
1.9236682721666666e+14 4.2386038579397650e-01 2.1138816002864158e+00
1.9261665426499997e+14 4.0756360921157725e-01 2.1177753649916671e+00
1.9286648131333331e+14 3.9084620304506690e-01 2.1227123655980922e+00
1.9311630836166666e+14 3.7394634771485352e-01 2.1278166566834167e+00
1.9336613540999997e+14 3.5719167638631805e-01 2.1318591714346775e+00
1.9359660086208747e+14 3.4234508305537309e-01 2.1334502759360117e+00
1.9361596245833331e+14 3.4114409180000449e-01 2.1334604535531700e+00
1.9363532405457916e+14 3.3995199697689260e-01 2.1334502759360117e+00
1.9386578950666666e+14 3.2658623255928104e-01 2.1317084825347505e+00
1.9411561655499997e+14 3.1435734705586305e-01 2.1268363577859399e+00
1.9436544360333331e+14 3.0514617498218699e-01 2.1204339830914094e+00
1.9461527065166666e+14 2.9934207370289517e-01 2.1151818553532467e+00
1.9486509769999997e+14 2.9700175194613093e-01 2.1143531954674275e+00
1.9511492474833331e+14 2.9788187240637259e-01 2.1210823766110525e+00
1.9536475179666666e+14 3.0150452389683235e-01 2.1375711406504356e+00
1.9561457884499997e+14 3.0733920333483933e-01 2.1646728991387310e+00
1.9586440589333331e+14 3.1506922620090128e-01 2.2021493174007358e+00
1.9611423294166666e+14 3.2472708814455042e-01 2.2495453612909047e+00
1.9636405999000000e+14 3.3656745785570863e-01 2.3071357223523523e+00
1.9661388703833331e+14 3.5077844089967480e-01 2.3761194609212355e+00
1.9686371408666666e+14 3.6722652149508367e-01 2.4578861875956632e+00
1.9711354113500000e+14 3.8541597597769250e-01 2.5532162041408388e+00
1.9736336818333331e+14 4.0468673344587841e-01 2.6620146361867287e+00
1.9761319523166666e+14 4.2438202787274004e-01 2.7835393165249318e+00
1.9786302228000000e+14 4.4386137490972111e-01 2.9168610483021085e+00
1.9811284932833331e+14 4.6246929270781068e-01 3.0609854131505685e+00
1.9836267637666666e+14 4.7952816077832705e-01 3.2146393874804033e+00
1.9861250342500000e+14 4.9447945079528144e-01 3.3761945078756290e+00
1.9886233047333331e+14 5.0712956836366208e-01 3.5438348002176454e+00
1.9911215752166666e+14 5.1775461337802964e-01 3.7160232111675238e+00
1.9936198457000000e+14 5.2699533634917994e-01 3.8920823338924855e+00
1.9961181161833331e+14 5.3556039724752635e-01 4.0723794517667455e+00
1.9986163866666666e+14 5.4385301598262903e-01 4.2580118006820262e+00
("port_2","mode 1",1,"port_4",1,"transmission",3.7020927543618441e-12)
(53, 3)
1.8737028624999997e+14 3.8683409678438049e-04 -1.9454984890148650e+00
1.8762011329833331e+14 3.5101097850387066e-04 -2.1959814206536974e+00
1.8786994034666662e+14 3.1599162398715882e-04 -2.5795123208090747e+00
1.8811976739499997e+14 3.2657868066178974e-04 -3.0028228700010531e+00
1.8836959444333331e+14 3.5700077994664487e-04 -3.3071278269226916e+00
1.8861942149166662e+14 3.5933025037511787e-04 -3.5398291375598903e+00
1.8886924853999997e+14 3.3111720897480179e-04 -3.8211597473854089e+00
1.8911907558833331e+14 3.1266560905959969e-04 -4.2036861683527977e+00
1.8936890263666662e+14 3.2686997382097165e-04 -4.5744864966571814e+00
1.8961872968499997e+14 3.4140397953866746e-04 -4.8539584532029778e+00
1.8986855673333331e+14 3.2927473208804503e-04 -5.1196765920985605e+00
1.9011838378166662e+14 3.0904982180435670e-04 -5.4599115421190101e+00
1.9036821082999997e+14 3.1264916549921234e-04 -5.8363980698115805e+00
1.9061803787833331e+14 3.2894203512223963e-04 -6.1433146520447846e+00
1.9086786492666666e+14 3.2644081066401085e-04 -6.4048805942194393e+00
1.9111769197499997e+14 3.0657967773522175e-04 -6.7114889141688092e+00
1.9136751902333331e+14 2.9867107481956512e-04 -7.0816711358157800e+00
1.9161734607166666e+14 3.1003873480563426e-04 -7.4219991813591584e+00
1.9186717311999997e+14 3.1491493151247654e-04 -7.7043060870388267e+00
1.9211700016833331e+14 3.0245293198720907e-04 -8.0017328533094219e+00
1.9236682721666666e+14 2.9387636406784422e-04 -8.3573024762300161e+00
1.9261665426499997e+14 3.0449097469999881e-04 -8.7029498549026734e+00
1.9286648131333331e+14 3.1466460682243587e-04 -8.9820112080754786e+00
1.9311630836166666e+14 3.0459479999334505e-04 -9.2467031878033730e+00
1.9336613540999997e+14 2.8381390897522164e-04 -9.5708562830631880e+00
1.9359660086208747e+14 2.8011018056285414e-04 -9.9510139179393526e+00
1.9361596245833331e+14 2.7670762289314413e-04 -9.9524740336021491e+00
1.9363532405457916e+14 2.7630806984474876e-04 -9.9510139179393526e+00
1.9386578950666666e+14 2.8785072056468775e-04 -1.0311016333348654e+01
1.9411561655499997e+14 3.0035053858389711e-04 -1.0613692270705871e+01
1.9436544360333331e+14 3.0305984702695129e-04 -1.0892800778075120e+01
1.9461527065166666e+14 2.9652154212217696e-04 -1.1180141081176039e+01
1.9486509769999997e+14 2.8617066270712294e-04 -1.1489768294699765e+01
1.9511492474833331e+14 2.7819858554581584e-04 -1.1823135754664362e+01
1.9536475179666666e+14 2.7575992513158005e-04 -1.2163075724888312e+01
1.9561457884499997e+14 2.7581306629273516e-04 -1.2494182225222506e+01
1.9586440589333331e+14 2.7507198741629201e-04 -1.2825147477478193e+01
1.9611423294166666e+14 2.7806176706649487e-04 -1.3167888986432384e+01
1.9636405999000000e+14 2.9122140069211277e-04 -1.3492168634954878e+01
1.9661388703833331e+14 3.0418308779448069e-04 -1.3756785742361684e+01
1.9686371408666666e+14 2.9680882252353780e-04 -1.3983321278499467e+01
1.9711354113500000e+14 2.6378621473247162e-04 -1.4255477197946020e+01
1.9736336818333331e+14 2.3204713075985724e-04 -1.4673373081141552e+01
1.9761319523166666e+14 2.4235944008475601e-04 -1.5166533147649025e+01
1.9786302228000000e+14 2.8520812915613431e-04 -1.5517974960706773e+01
1.9811284932833331e+14 3.1688369206056343e-04 -1.5732692060555683e+01
1.9836267637666666e+14 3.1392326037479575e-04 -1.5910226367544976e+01
1.9861250342500000e+14 2.8019340637221759e-04 -1.6139046076750326e+01
1.9886233047333331e+14 2.4097066456142308e-04 -1.6493117602394662e+01
1.9911215752166666e+14 2.2905078805133782e-04 -1.6955627166649887e+01
1.9936198457000000e+14 2.4827892282390198e-04 -1.7370844814124478e+01
1.9961181161833331e+14 2.7166734904875877e-04 -1.7687232154863402e+01
1.9986163866666666e+14 2.8516138634670775e-04 -1.7960242294211181e+01
("port_3","mode 1",1,"port_1",1,"transmission",3.6850316509046353e-12)
(53, 3)
1.8737028624999997e+14 3.8659692065795022e-04 -2.6302195683987071e+00
1.8762011329833331e+14 3.5037635888613620e-04 -2.8491488543834436e+00
1.8786994034666662e+14 3.1370150878484314e-04 -3.2051990931921965e+00
1.8811976739499997e+14 3.2379942775392619e-04 -3.6075726115529800e+00
1.8836959444333331e+14 3.5573697831024667e-04 -3.8866200344664259e+00
1.8861942149166662e+14 3.5909075217091361e-04 -4.0885143596423319e+00
1.8886924853999997e+14 3.3006287141983267e-04 -4.3386378565160353e+00
1.8911907558833331e+14 3.0976982258795505e-04 -4.6958990009629886e+00
1.8936890263666662e+14 3.2391425658171466e-04 -5.0464920032826068e+00
1.8961872968499997e+14 3.4029979043248180e-04 -5.3004927093582301e+00
1.8986855673333331e+14 3.2947408452016388e-04 -5.5343473638985410e+00
1.9011838378166662e+14 3.0826480298696917e-04 -5.8425269004994469e+00
1.9036821082999997e+14 3.0988670640067325e-04 -6.1943488097680568e+00
1.9061803787833331e+14 3.2639442382284946e-04 -6.4795179226331641e+00
1.9086786492666666e+14 3.2528947699631786e-04 -6.7143483831475992e+00
1.9111769197499997e+14 3.0577304860984517e-04 -6.9905819199784514e+00
1.9136751902333331e+14 2.9676770578554413e-04 -7.3321801793804537e+00
1.9161734607166666e+14 3.0736864351742509e-04 -7.6492111034964223e+00
1.9186717311999997e+14 3.1295973657374278e-04 -7.9082517100002558e+00
1.9211700016833331e+14 3.0219630262376862e-04 -8.1781235724439600e+00
1.9236682721666666e+14 2.9429757452642774e-04 -8.5010537884359252e+00
1.9261665426499997e+14 3.0350266600188118e-04 -8.8146619111197460e+00
1.9286648131333331e+14 3.1147458792736289e-04 -9.0679575219872479e+00
1.9311630836166666e+14 3.0032950441841237e-04 -9.3126291770867233e+00
1.9336613540999997e+14 2.8089387311673982e-04 -9.6175296863908137e+00
1.9359660086208747e+14 2.8096741186031551e-04 -9.9708827467307799e+00
1.9361596245833331e+14 2.7663107737679703e-04 -9.9732247904031013e+00
1.9363532405457916e+14 2.7502665886403548e-04 -9.9708827467307799e+00
1.9386578950666666e+14 2.8915958575673482e-04 -1.0296488514672266e+01
1.9411561655499997e+14 3.0046608961955981e-04 -1.0565515483878599e+01
1.9436544360333331e+14 3.0129478821291000e-04 -1.0817517539124069e+01
1.9461527065166666e+14 2.9414284742885355e-04 -1.1080177592925640e+01
1.9486509769999997e+14 2.8345369652766299e-04 -1.1363651883957797e+01
1.9511492474833331e+14 2.7435715710026067e-04 -1.1672960908694128e+01
1.9536475179666666e+14 2.7207254192034968e-04 -1.1995311590300673e+01
1.9561457884499997e+14 2.7513343627889436e-04 -1.2305580481830582e+01
1.9586440589333331e+14 2.7771934802875398e-04 -1.2602123237193151e+01
1.9611423294166666e+14 2.8119237271865644e-04 -1.2902557504474341e+01
1.9636405999000000e+14 2.9090517127612294e-04 -1.3189297975284830e+01
1.9661388703833331e+14 2.9900283364216678e-04 -1.3429590731867997e+01
1.9686371408666666e+14 2.8865270260306544e-04 -1.3642934654014571e+01
1.9711354113500000e+14 2.5724858559727593e-04 -1.3908674909900252e+01
1.9736336818333331e+14 2.3189280544002629e-04 -1.4310949607617671e+01
1.9761319523166666e+14 2.4725033014148313e-04 -1.4758649721556958e+01
1.9786302228000000e+14 2.8956603576894342e-04 -1.5061793319167919e+01
1.9811284932833331e+14 3.1756478740995175e-04 -1.5241207635178975e+01
1.9836267637666666e+14 3.1048500779016916e-04 -1.5390934792929546e+01
1.9861250342500000e+14 2.7303603240908165e-04 -1.5597988421503715e+01
1.9886233047333331e+14 2.3215824979001487e-04 -1.5946283961342051e+01
1.9911215752166666e+14 2.2432773251438408e-04 -1.6409773790501937e+01
1.9936198457000000e+14 2.5134929014796495e-04 -1.6796409850260709e+01
1.9961181161833331e+14 2.7988865618956276e-04 -1.7061224432284739e+01
1.9986163866666666e+14 2.9291261218649458e-04 -1.7279698490435052e+01
("port_3","mode 1",1,"port_2",1,"transmission",2.7256217550068573e-12)
(53, 3)
1.8737028624999997e+14 5.2081746835766196e-01 3.1115417344140970e+00
1.8762011329833331e+14 5.2423102061805071e-01 2.9908233330831049e+00
1.8786994034666662e+14 5.2746080796258210e-01 2.8795077167387304e+00
1.8811976739499997e+14 5.3009658698045559e-01 2.7771905789232991e+00
1.8836959444333331e+14 5.3187708027629821e-01 2.6831348461191409e+00
1.8861942149166662e+14 5.3276444960749059e-01 2.5967625950472861e+00
1.8886924853999997e+14 5.3290170628264377e-01 2.5179103661503235e+00
1.8911907558833331e+14 5.3238277006918910e-01 2.4466567558024814e+00
1.8936890263666662e+14 5.3112830309275749e-01 2.3830740882704058e+00
1.8961872968499997e+14 5.2899366871821674e-01 2.3270784498479555e+00
1.8986855673333331e+14 5.2586731540117115e-01 2.2784543838462814e+00
1.9011838378166662e+14 5.2164048127265594e-01 2.2369935040809810e+00
1.9036821082999997e+14 5.1616418567704325e-01 2.2024697342348807e+00
1.9061803787833331e+14 5.0927799248989047e-01 2.1744649816066284e+00
1.9086786492666666e+14 5.0090553673419880e-01 2.1523483179463661e+00
1.9111769197499997e+14 4.9110243205072546e-01 2.1354761098068864e+00
1.9136751902333331e+14 4.7999219337753457e-01 2.1233941167062071e+00
1.9161734607166666e+14 4.6766194498625985e-01 2.1157602432114273e+00
1.9186717311999997e+14 4.5413073292116346e-01 2.1121174263014537e+00
1.9211700016833331e+14 4.3945952564763774e-01 2.1117847517389823e+00
1.9236682721666666e+14 4.2383708894510441e-01 2.1139345691012408e+00
1.9261665426499997e+14 4.0753146746768310e-01 2.1178094672551553e+00
1.9286648131333331e+14 3.9080751519875034e-01 2.1227295344506620e+00
1.9311630836166666e+14 3.7390311872614079e-01 2.1278217249079687e+00
1.9336613540999997e+14 3.5714525444704676e-01 2.1318590217548827e+00
1.9359660086208747e+14 3.4229621011455691e-01 2.1334497724003842e+00
1.9361596245833331e+14 3.4109501507196588e-01 2.1334599437651498e+00
1.9363532405457916e+14 3.3990273111353009e-01 2.1334497724003847e+00
1.9386578950666666e+14 3.2653483245333781e-01 2.1317107684522787e+00
1.9411561655499997e+14 3.1430393438483650e-01 2.1268445636092643e+00
1.9436544360333331e+14 3.0509083128700060e-01 2.1204509159359692e+00
1.9461527065166666e+14 2.9928490847928196e-01 2.1152078106936867e+00
1.9486509769999997e+14 2.9694332953184516e-01 2.1143861623316020e+00
1.9511492474833331e+14 2.9782396993035598e-01 2.1211210246116701e+00
1.9536475179666666e+14 3.0144939297379353e-01 2.1376169399208904e+00
1.9561457884499997e+14 3.0728876675293765e-01 2.1647292602236856e+00
1.9586440589333331e+14 3.1502470022751689e-01 2.2022193595219375e+00
1.9611423294166666e+14 3.2468936972979190e-01 2.2496300840458097e+00
1.9636405999000000e+14 3.3653723557195164e-01 2.3072337710170552e+00
1.9661388703833331e+14 3.5075628891695698e-01 2.3762286834211714e+00
1.9686371408666666e+14 3.6721272281191825e-01 2.4580038370221762e+00
1.9711354113500000e+14 3.8541054030793898e-01 2.5533376560229799e+00
1.9736336818333331e+14 4.0468988326747912e-01 2.6621333607551225e+00
1.9761319523166666e+14 4.2439440188828625e-01 2.7836488020931145e+00
1.9786302228000000e+14 4.4388429319566181e-01 2.9169563988148854e+00
1.9811284932833331e+14 4.6250399096400202e-01 3.0610644847019435e+00
1.9836267637666666e+14 4.7957496536851046e-01 3.2147026930171765e+00
1.9861250342500000e+14 4.9453729681847619e-01 3.3762440129061608e+00
1.9886233047333331e+14 5.0719655532496755e-01 3.5438721804838185e+00
1.9911215752166666e+14 5.1782846276174110e-01 3.7160498447666663e+00
1.9936198457000000e+14 5.2707406194085316e-01 3.8921009268280358e+00
1.9961181161833331e+14 5.3564274469789130e-01 4.0723935708772006e+00
1.9986163866666666e+14 5.4393735616119543e-01 4.2580236754431144e+00
("port_3","mode 1",1,"port_3",1,"transmission",1.5726871290463438e-13)
(53, 3)
1.8737028624999997e+14 8.8236161683115533e-03 2.7617950818987040e+00
1.8762011329833331e+14 8.5967537493700803e-03 2.4938974275770200e+00
1.8786994034666662e+14 8.5745843166025685e-03 2.2288214717624819e+00
1.8811976739499997e+14 8.6564870902712705e-03 1.9774367139555291e+00
1.8836959444333331e+14 8.7008015097109429e-03 1.7458336527129090e+00
1.8861942149166662e+14 8.5882664178635795e-03 1.5344869141138597e+00
1.8886924853999997e+14 8.2687681379174840e-03 1.3393144214730006e+00
1.8911907558833331e+14 7.7651575925191969e-03 1.1516422376683757e+00
1.8936890263666662e+14 7.1458611835386321e-03 9.5825958581578530e-01
1.8961872968499997e+14 6.4941318441135674e-03 7.4340914983649731e-01
1.8986855673333331e+14 5.8942211324515556e-03 4.9444571877358001e-01
1.9011838378166662e+14 5.4213260514971353e-03 2.1120235308091373e-01
1.9036821082999997e+14 5.1129310037547780e-03 -8.6993092569726663e-02
1.9061803787833331e+14 4.9356929721058162e-03 -3.6871644829645850e-01
1.9086786492666666e+14 4.8013222733602999e-03 -6.0992448800738552e-01
1.9111769197499997e+14 4.6249110897365843e-03 -8.0482009125352116e-01
1.9136751902333331e+14 4.3574779679969658e-03 -9.6357611992350456e-01
1.9161734607166666e+14 3.9739709860531101e-03 -1.1055683735684423e+00
1.9186717311999997e+14 3.4601794741716103e-03 -1.2523890071906347e+00
1.9211700016833331e+14 2.8272952936705788e-03 -1.4245372446642985e+00
1.9236682721666666e+14 2.1382352165883497e-03 -1.6441227095108653e+00
1.9261665426499997e+14 1.5039443631146389e-03 -1.9414473124726952e+00
1.9286648131333331e+14 1.0458740124378173e-03 -2.3396224801793215e+00
1.9311630836166666e+14 8.0640588635253569e-04 -2.7612481950309262e+00
1.9336613540999997e+14 6.8760948604413002e-04 -3.0230151605997535e+00
1.9359660086208747e+14 6.1557555301777864e-04 -3.0336972773803428e+00
1.9361596245833331e+14 5.7770487590010100e-04 -3.0266510709853134e+00
1.9363532405457916e+14 5.4179183658956760e-04 -3.0336972773803428e+00
1.9386578950666666e+14 4.6982349455530531e-04 -2.6829864195385849e+00
1.9411561655499997e+14 5.3247431621175471e-04 -1.9835666436358710e+00
1.9436544360333331e+14 9.0744212965305658e-04 -1.5500702653288463e+00
1.9461527065166666e+14 1.4536325757105069e-03 -1.4399367517903692e+00
1.9486509769999997e+14 2.0131542873149037e-03 -1.4714885551751344e+00
1.9511492474833331e+14 2.4647259915002045e-03 -1.5724691540696527e+00
1.9536475179666666e+14 2.7439068401838300e-03 -1.7182712918584986e+00
1.9561457884499997e+14 2.8652969856131196e-03 -1.9044370430496915e+00
1.9586440589333331e+14 2.9169549450503338e-03 -2.1360310619601095e+00
1.9611423294166666e+14 3.0277159055141869e-03 -2.4128572064243157e+00
1.9636405999000000e+14 3.3106064847342499e-03 -2.7136051032741983e+00
1.9661388703833331e+14 3.7973799487326502e-03 -3.0040818972819143e+00
1.9686371408666666e+14 4.4183325860439491e-03 -3.2634256486705611e+00
1.9711354113500000e+14 5.0472694268060185e-03 -3.4914131195793434e+00
1.9736336818333331e+14 5.5678729023005118e-03 -3.6975484275784885e+00
1.9761319523166666e+14 5.9192843234429247e-03 -3.8935870491321753e+00
1.9786302228000000e+14 6.1103366064502000e-03 -4.0923179999356805e+00
1.9811284932833331e+14 6.2063351470005189e-03 -4.3070203836954510e+00
1.9836267637666666e+14 6.3039399502631370e-03 -4.5475516907887394e+00
1.9861250342500000e+14 6.4991387072118574e-03 -4.8137060365395401e+00
1.9886233047333331e+14 6.8501803253524143e-03 -5.0922933323961379e+00
1.9911215752166666e+14 7.3443595042763377e-03 -5.3641814034683453e+00
1.9936198457000000e+14 7.9020389164390081e-03 -5.6159369669954087e+00
1.9961181161833331e+14 8.4234768241115473e-03 -5.8451788614911369e+00
1.9986163866666666e+14 8.8416992305205954e-03 -6.0583083137929865e+00
("port_3","mode 1",1,"port_4",1,"transmission",2.7606135125702396e-12)
(53, 3)
1.8737028624999997e+14 1.5207365732735637e-01 1.6324966366145168e+00
1.8762011329833331e+14 1.8439579397431693e-01 1.4676163313312565e+00
1.8786994034666662e+14 2.1615975604070464e-01 1.3127796456508964e+00
1.8811976739499997e+14 2.4707553731994897e-01 1.1673548741259783e+00
1.8836959444333331e+14 2.7681234519461451e-01 1.0309319082030259e+00
1.8861942149166662e+14 3.0503756114593295e-01 9.0269549789639514e-01
1.8886924853999997e+14 3.3141010706510199e-01 7.8181251241889083e-01
1.8911907558833331e+14 3.5568866041898056e-01 6.6766441190566117e-01
1.8936890263666662e+14 3.7777492539035279e-01 5.5968006712912333e-01
1.8961872968499997e+14 3.9774555486700752e-01 4.5730440775364278e-01
1.8986855673333331e+14 4.1586585626622230e-01 3.6013758353860370e-01
1.9011838378166662e+14 4.3256497033732932e-01 2.6821759887604940e-01
1.9036821082999997e+14 4.4831861087349556e-01 1.8203659560418214e-01
1.9061803787833331e+14 4.6345906704085699e-01 1.0242962701585660e-01
1.9086786492666666e+14 4.7811105709577156e-01 3.0309726495636066e-02
1.9111769197499997e+14 4.9217752054606934e-01 -3.3644974995512583e-02
1.9136751902333331e+14 5.0537736611053130e-01 -8.9093625743909319e-02
1.9161734607166666e+14 5.1731984171459033e-01 -1.3611037251666333e-01
1.9186717311999997e+14 5.2760412131875811e-01 -1.7521547759082431e-01
1.9211700016833331e+14 5.3595094633515850e-01 -2.0735673244621630e-01
1.9236682721666666e+14 5.4231404301636044e-01 -2.3366364575291121e-01
1.9261665426499997e+14 5.4696530728986004e-01 -2.5512594348449008e-01
1.9286648131333331e+14 5.5040319705586016e-01 -2.7236551219426197e-01
1.9311630836166666e+14 5.5316960164771822e-01 -2.8543004843763775e-01
1.9336613540999997e+14 5.5572161382128427e-01 -2.9383850228779518e-01
1.9359660086208747e+14 5.5811027581078743e-01 -2.9681126648341560e-01
1.9361596245833331e+14 5.5831457350947133e-01 -2.9683026888955327e-01
1.9363532405457916e+14 5.5851909440004599e-01 -2.9681126648341566e-01
1.9386578950666666e+14 5.6093074800032761e-01 -2.9356593982211276e-01
1.9411561655499997e+14 5.6332133598950551e-01 -2.8330527217896340e-01
1.9436544360333331e+14 5.6509355606406830e-01 -2.6564438269336554e-01
1.9461527065166666e+14 5.6580345050298197e-01 -2.4058031847629910e-01
1.9486509769999997e+14 5.6511175656938684e-01 -2.0840884554701944e-01
1.9511492474833331e+14 5.6286678103847332e-01 -1.6959332883259795e-01
1.9536475179666666e+14 5.5907378537353714e-01 -1.2456339411065778e-01
1.9561457884499997e+14 5.5383590736630528e-01 -7.3618878105236027e-02
1.9586440589333331e+14 5.4729331751566512e-01 -1.6991455444674602e-02
1.9611423294166666e+14 5.3960088052340427e-01 4.5102617912089207e-02
1.9636405999000000e+14 5.3096140934571523e-01 1.1249411008665587e-01
1.9661388703833331e+14 5.2161210680105674e-01 1.8510681744884072e-01
1.9686371408666666e+14 5.1173382941655210e-01 2.6301770028702437e-01
1.9711354113500000e+14 5.0139534291332299e-01 3.4637000281120911e-01
1.9736336818333331e+14 4.9055941511856638e-01 4.3513073737777691e-01
1.9761319523166666e+14 4.7918038784349715e-01 5.2896203785974727e-01
1.9786302228000000e+14 4.6733760941556185e-01 6.2730854424312488e-01
1.9811284932833331e+14 4.5526094161627123e-01 7.2966818396082977e-01
1.9836267637666666e+14 4.4322205974063994e-01 8.3588311832360807e-01
1.9861250342500000e+14 4.3139624345608180e-01 9.4615661522646655e-01
1.9886233047333331e+14 4.1979378856997879e-01 1.0607298791761854e+00
1.9911215752166666e+14 4.0833581432984589e-01 1.1795508716893754e+00
1.9936198457000000e+14 3.9702634275509030e-01 1.3022270367276738e+00
1.9961181161833331e+14 3.8604885411867584e-01 1.4283598220545610e+00
1.9986163866666666e+14 3.7569692562352131e-01 1.5580173236246833e+00
("port_4","mode 1",1,"port_1",1,"transmission",2.7256169233046369e-12)
(53, 3)
1.8737028624999997e+14 5.2080839848924909e-01 3.1110169800316951e+00
1.8762011329833331e+14 5.2421766124300040e-01 2.9903222277839854e+00
1.8786994034666662e+14 5.2744319207710255e-01 2.8790291590704911e+00
1.8811976739499997e+14 5.3007605201413721e-01 2.7767340378542613e+00
1.8836959444333331e+14 5.3185555015802399e-01 2.6827007209887630e+00
1.8861942149166662e+14 5.3274277373046008e-01 2.5963523597109441e+00
1.8886924853999997e+14 5.3287951774398523e-01 2.5175262054390593e+00
1.8911907558833331e+14 5.3235946408074164e-01 2.4462999957755440e+00
1.8936890263666662e+14 5.3110347121533363e-01 2.3827451985886299e+00
1.8961872968499997e+14 5.2896681577700511e-01 2.3267783941177531e+00
1.8986855673333331e+14 5.2583775754434836e-01 2.2781837717952933e+00
1.9011838378166662e+14 5.2160759419286218e-01 2.2367507559206565e+00
1.9036821082999997e+14 5.1612792804352914e-01 2.2022513207793475e+00
1.9061803787833331e+14 5.0923992133650053e-01 2.1742672149276046e+00
1.9086786492666666e+14 5.0086822537105147e-01 2.1521685918088962e+00
1.9111769197499997e+14 4.9106859793801994e-01 2.1353130585780820e+00
1.9136751902333331e+14 4.7996434094879453e-01 2.1232475397334976e+00
1.9161734607166666e+14 4.6764218521263629e-01 2.1156304724855599e+00
1.9186717311999997e+14 4.5412099138973755e-01 2.1120054196841678e+00
1.9211700016833331e+14 4.3946056483263313e-01 2.1116924673533206e+00
1.9236682721666666e+14 4.2384815666781689e-01 2.1138641701396250e+00
1.9261665426499997e+14 4.0755076004488883e-01 2.1177612972068411e+00
1.9286648131333331e+14 3.9083276191175798e-01 2.1227012751221590e+00
1.9311630836166666e+14 3.7393237147813407e-01 2.1278078395936273e+00
1.9336613540999997e+14 3.5717731984274242e-01 2.1318524969194663e+00
1.9359660086208747e+14 3.4233066848813781e-01 2.1334455044720255e+00
1.9361596245833331e+14 3.4112967192504701e-01 2.1334556842936543e+00
1.9363532405457916e+14 3.3993759106360261e-01 2.1334455044720251e+00
1.9386578950666666e+14 3.2657197495990614e-01 2.1317054155996868e+00
1.9411561655499997e+14 3.1434336095681814e-01 2.1268342579619142e+00
1.9436544360333331e+14 3.0513252340897795e-01 2.1204322358797025e+00
1.9461527065166666e+14 2.9932884859959175e-01 2.1151801020664878e+00
1.9486509769999997e+14 2.9698917246402762e-01 2.1143518328797830e+00
1.9511492474833331e+14 2.9787024551067287e-01 2.1210821958193682e+00
1.9536475179666666e+14 3.0149391836728534e-01 2.1375732614110965e+00
1.9561457884499997e+14 3.0732970870980053e-01 2.1646786664137205e+00
1.9586440589333331e+14 3.1506096406268747e-01 2.2021597008022442e+00
1.9611423294166666e+14 3.2472007871810543e-01 2.2495610664569616e+00
1.9636405999000000e+14 3.3656153319873217e-01 2.3071574642624162e+00
1.9661388703833331e+14 3.5077343960885304e-01 2.3761474596918015e+00
1.9686371408666666e+14 3.6722208262059980e-01 2.4579205756935840e+00
1.9711354113500000e+14 3.8541181119285839e-01 2.5532571166460780e+00
1.9736336818333331e+14 4.0468281199840517e-01 2.6620615159989831e+00
1.9761319523166666e+14 4.2437831063975168e-01 2.7835914345501971e+00
1.9786302228000000e+14 4.4385799747034632e-01 2.9169183146956015e+00
1.9811284932833331e+14 4.6246652812174133e-01 3.0610471817180547e+00
1.9836267637666666e+14 4.7952615822997030e-01 3.2147051670863278e+00
1.9861250342500000e+14 4.9447829222403128e-01 3.3762645987527851e+00
1.9886233047333331e+14 5.0712950702417947e-01 3.5439093078241095e+00
1.9911215752166666e+14 5.1775565443505633e-01 3.7161025284053366e+00
1.9936198457000000e+14 5.2699751761913627e-01 3.8921676645282157e+00
1.9961181161833331e+14 5.3556376285900809e-01 4.0724714907876010e+00
1.9986163866666666e+14 5.4385725338430402e-01 4.2581108338583746e+00
("port_4","mode 1",1,"port_2",1,"transmission",3.6988072044460155e-12)
(53, 3)
1.8737028624999997e+14 3.8646375076482881e-04 -2.0743712380233328e+00
1.8762011329833331e+14 3.5071952080941517e-04 -2.3204692105393652e+00
1.8786994034666662e+14 3.1607743014959992e-04 -2.6991943309531221e+00
1.8811976739499997e+14 3.2689566507255238e-04 -3.1166686222996143e+00
1.8836959444333331e+14 3.5730347526721941e-04 -3.4152213776673337e+00
1.8861942149166662e+14 3.5951929984690299e-04 -3.6419939023910577e+00
1.8886924853999997e+14 3.3101041685411673e-04 -3.9182951971732987e+00
1.8911907558833331e+14 3.1231095742129637e-04 -4.2960920571032633e+00
1.8936890263666662e+14 3.2663073167848197e-04 -4.6626932259933884e+00
1.8961872968499997e+14 3.4126303853371307e-04 -4.9374696052838773e+00
1.8986855673333331e+14 3.2948265184538878e-04 -5.1977854304799136e+00
1.9011838378166662e+14 3.0941967928013823e-04 -5.5321734027283487e+00
1.9036821082999997e+14 3.1283911620174753e-04 -5.9026151232620894e+00
1.9061803787833331e+14 3.2889987507499506e-04 -6.2042687366044857e+00
1.9086786492666666e+14 3.2620901402139108e-04 -6.4609572216056970e+00
1.9111769197499997e+14 3.0631347583833006e-04 -6.7632316643236718e+00
1.9136751902333331e+14 2.9848267986072163e-04 -7.1287816952942249e+00
1.9161734607166666e+14 3.1015272381395008e-04 -7.4642158940800876e+00
1.9186717311999997e+14 3.1515516951929017e-04 -7.7408328581076473e+00
1.9211700016833331e+14 3.0275900754372855e-04 -8.0322756227922678e+00
1.9236682721666666e+14 2.9403089435283834e-04 -8.3821225077382540e+00
1.9261665426499997e+14 3.0431954710928263e-04 -8.7226588845897020e+00
1.9286648131333331e+14 3.1436578543749737e-04 -8.9972413734976122e+00
1.9311630836166666e+14 3.0432643260743100e-04 -9.2576295989563278e+00
1.9336613540999997e+14 2.8380580096133066e-04 -9.5770201940415713e+00
1.9359660086208747e+14 2.8045951446205569e-04 -9.9516679448797660e+00
1.9361596245833331e+14 2.7699421980527015e-04 -9.9531969038795864e+00
1.9363532405457916e+14 2.7648358177880618e-04 -9.9516679448797660e+00
1.9386578950666666e+14 2.8810604829438975e-04 -1.0305422571956955e+01
1.9411561655499997e+14 3.0061498767561240e-04 -1.0602782966240774e+01
1.9436544360333331e+14 3.0300726839842685e-04 -1.0876600007713336e+01
1.9461527065166666e+14 2.9633253787604460e-04 -1.1159024287980980e+01
1.9486509769999997e+14 2.8588419446253958e-04 -1.1464554497646233e+01
1.9511492474833331e+14 2.7806580246803140e-04 -1.1792879667184586e+01
1.9536475179666666e+14 2.7590932899484132e-04 -1.2127864779125520e+01
1.9561457884499997e+14 2.7606228931471242e-04 -1.2453490697697235e+01
1.9586440589333331e+14 2.7526655849024844e-04 -1.2778339778276884e+01
1.9611423294166666e+14 2.7816808195597540e-04 -1.3115149904271441e+01
1.9636405999000000e+14 2.9103115093654806e-04 -1.3434562198247294e+01
1.9661388703833331e+14 3.0391557261284042e-04 -1.3695137242829340e+01
1.9686371408666666e+14 2.9665743790553017e-04 -1.3917362923843001e+01
1.9711354113500000e+14 2.6379004270793796e-04 -1.4184402651613208e+01
1.9736336818333331e+14 2.3216625820386667e-04 -1.4596594437726127e+01
1.9761319523166666e+14 2.4252555213010566e-04 -1.5083473467405877e+01
1.9786302228000000e+14 2.8522777709605340e-04 -1.5429607352083581e+01
1.9811284932833331e+14 3.1683109058307886e-04 -1.5639199587642562e+01
1.9836267637666666e+14 3.1376390519219447e-04 -1.5812061263884130e+01
1.9861250342500000e+14 2.7993548767866707e-04 -1.6036162206651124e+01
1.9886233047333331e+14 2.4083172335479520e-04 -1.6385608108616594e+01
1.9911215752166666e+14 2.2913632661372498e-04 -1.6842872030460168e+01
1.9936198457000000e+14 2.4852323714774394e-04 -1.7252142292078187e+01
1.9961181161833331e+14 2.7181302181782953e-04 -1.7562736057184392e+01
1.9986163866666666e+14 2.8518719163126989e-04 -1.7830465506469871e+01
("port_4","mode 1",1,"port_3",1,"transmission",2.7606191935073676e-12)
(53, 3)
1.8737028624999997e+14 1.5204217624991440e-01 1.6322296993278260e+00
1.8762011329833331e+14 1.8436042894207624e-01 1.4674501622069087e+00
1.8786994034666662e+14 2.1612146041504357e-01 1.3126848211593154e+00
1.8811976739499997e+14 2.4703638454029839e-01 1.1673102853152095e+00
1.8836959444333331e+14 2.7677475841222821e-01 1.0309239304963027e+00
1.8861942149166662e+14 3.0500376810268071e-01 9.0271567180453371e-01
1.8886924853999997e+14 3.3138189628424208e-01 7.8185290792364293e-01
1.8911907558833331e+14 3.5566745501072683e-01 6.6771736371427992e-01
1.8936890263666662e+14 3.7776210026836560e-01 5.5973900811995858e-01
1.8961872968499997e+14 3.9774166730260579e-01 4.5736532016845333e-01
1.8986855673333331e+14 4.1587032328406864e-01 3.6019739215977431e-01
1.9011838378166662e+14 4.3257621619543968e-01 2.6827181467662453e-01
1.9036821082999997e+14 4.4833508791850790e-01 1.8208028327584019e-01
1.9061803787833331e+14 4.6347964057893121e-01 1.0245891399096210e-01
1.9086786492666666e+14 4.7813460169249339e-01 3.0322893896914702e-02
1.9111769197499997e+14 4.9220258260859329e-01 -3.3648684069278630e-02
1.9136751902333331e+14 5.0540199154567034e-01 -8.9114834589762271e-02
1.9161734607166666e+14 5.1734262659491126e-01 -1.3614895122565313e-01
1.9186717311999997e+14 5.2762479123033190e-01 -1.7527107065932387e-01
1.9211700016833331e+14 5.3596913314385475e-01 -2.0742748418800186e-01
1.9236682721666666e+14 5.4232928195306884e-01 -2.3374604722010586e-01
1.9261665426499997e+14 5.4697725995449398e-01 -2.5521637510817802e-01
1.9286648131333331e+14 5.5041151337157401e-01 -2.7246154480620710e-01
1.9311630836166666e+14 5.5317375712198080e-01 -2.8552953595048502e-01
1.9336613540999997e+14 5.5572171591935648e-01 -2.9393980196178576e-01
1.9359660086208747e+14 5.5810749654344571e-01 -2.9691297521917165e-01
1.9361596245833331e+14 5.5831157603604431e-01 -2.9693198264314891e-01
1.9363532405457916e+14 5.5851588566003718e-01 -2.9691297521917159e-01
1.9386578950666666e+14 5.6092498296683035e-01 -2.9366691856555788e-01
1.9411561655499997e+14 5.6331283613240857e-01 -2.8340558158884616e-01
1.9436544360333331e+14 5.6508279762746116e-01 -2.6574573903968857e-01
1.9461527065166666e+14 5.6579130143371814e-01 -2.4068433978007445e-01
1.9486509769999997e+14 5.6509898569916772e-01 -2.0851659649587348e-01
1.9511492474833331e+14 5.6285341638297159e-01 -1.6970579040082950e-01
1.9536475179666666e+14 5.5905982781855668e-01 -1.2468215360827374e-01
1.9561457884499997e+14 5.5382125764262957e-01 -7.3746609225513224e-02
1.9586440589333331e+14 5.4727771378131351e-01 -1.7130743660802323e-02
1.9611423294166666e+14 5.3958408061591878e-01 4.4950272195681526e-02
1.9636405999000000e+14 5.3094328135631808e-01 1.1232712198689264e-01
1.9661388703833331e+14 5.2159166058598483e-01 1.8492329663019430e-01
1.9686371408666666e+14 5.1171024240005947e-01 2.6281607729955869e-01
1.9711354113500000e+14 5.0136895713491325e-01 3.4614914019566412e-01
1.9736336818333331e+14 4.9053072043537516e-01 4.3489050418795189e-01
1.9761319523166666e+14 4.7914978629743366e-01 5.2870501003105252e-01
1.9786302228000000e+14 4.6730526701647607e-01 6.2703897441419998e-01
1.9811284932833331e+14 4.5522610498676680e-01 7.2938985412913426e-01
1.9836267637666666e+14 4.4318349220655578e-01 8.3559847643111884e-01
1.9861250342500000e+14 4.3135321627816392e-01 9.4586643743917986e-01
1.9886233047333331e+14 4.1974640703340527e-01 1.0604338436558336e+00
1.9911215752166666e+14 4.0828469034155718e-01 1.1792485485332103e+00
1.9936198457000000e+14 3.9697240981277659e-01 1.3019178434937941e+00
1.9961181161833331e+14 3.8599319265300652e-01 1.4280422097965166e+00
1.9986163866666666e+14 3.7564068630131775e-01 1.5576906615521606e+00
("port_4","mode 1",1,"port_4",1,"transmission",1.5911884508388866e-13)
(53, 3)
1.8737028624999997e+14 8.7400150064223386e-03 2.8157859045062179e+00
1.8762011329833331e+14 8.5563724540349308e-03 2.5411580692458680e+00
1.8786994034666662e+14 8.5831593066473463e-03 2.2719933347651451e+00
1.8811976739499997e+14 8.7089363990226557e-03 2.0188413178775857e+00
1.8836959444333331e+14 8.7832549416322851e-03 1.7864103028984923e+00
1.8861942149166662e+14 8.6851005844465756e-03 1.5739552367248597e+00
1.8886924853999997e+14 8.3668320328130607e-03 1.3766085262207501e+00
1.8911907558833331e+14 7.8574250554516393e-03 1.1854296806807711e+00
1.8936890263666662e+14 7.2322739338763972e-03 9.8720759697525606e-01
1.8961872968499997e+14 6.5831675686243516e-03 7.6644346786873896e-01
1.8986855673333331e+14 6.0007025322834206e-03 5.1147418298558334e-01
1.9011838378166662e+14 5.5599608510619025e-03 2.2414574599677456e-01
1.9036821082999997e+14 5.2883192367440858e-03 -7.4539327430225066e-02
1.9061803787833331e+14 5.1396686561363284e-03 -3.5390146266634537e-01
1.9086786492666666e+14 5.0183326389110581e-03 -5.9228899724744910e-01
1.9111769197499997e+14 4.8396212489702503e-03 -7.8585051326872468e-01
1.9136751902333331e+14 4.5593917356107896e-03 -9.4549083208597628e-01
1.9161734607166666e+14 4.1582270849075996e-03 -1.0907454912851224e+00
1.9186717311999997e+14 3.6276419252202164e-03 -1.2431977154704930e+00
1.9211700016833331e+14 2.9841229227040690e-03 -1.4236811305146593e+00
1.9236682721666666e+14 2.2946745650474702e-03 -1.6541894837183104e+00
1.9261665426499997e+14 1.6725903335514534e-03 -1.9602127350752592e+00
1.9286648131333331e+14 1.2348296340168616e-03 -2.3457485029195713e+00
1.9311630836166666e+14 1.0077343398354362e-03 -2.7210594503711714e+00
1.9336613540999997e+14 8.9283345603885912e-04 -2.9454383289227861e+00
1.9359660086208747e+14 8.2704055211978763e-04 -2.9710314791654353e+00
1.9361596245833331e+14 7.8962049038477878e-04 -2.9658148186904918e+00
1.9363532405457916e+14 7.5377172137821170e-04 -2.9710314791654353e+00
1.9386578950666666e+14 6.7703338378447551e-04 -2.7540050812641250e+00
1.9411561655499997e+14 6.5482851453707211e-04 -2.2545094129545209e+00
1.9436544360333331e+14 9.1120670164511843e-04 -1.7583517326581275e+00
1.9461527065166666e+14 1.3939863968943692e-03 -1.5593516842474362e+00
1.9486509769999997e+14 1.9192209267833041e-03 -1.5486302189096943e+00
1.9511492474833331e+14 2.3456891403375716e-03 -1.6319758888128335e+00
1.9536475179666666e+14 2.6034514167528723e-03 -1.7730761330071412e+00
1.9561457884499997e+14 2.7093925892414401e-03 -1.9629023093987612e+00
1.9586440589333331e+14 2.7571083665328604e-03 -2.2036972912215811e+00
1.9611423294166666e+14 2.8799168069493248e-03 -2.4908228497858449e+00
1.9636405999000000e+14 3.1889744845223608e-03 -2.7965933813695960e+00
1.9661388703833331e+14 3.7034575095073337e-03 -3.0845443380099167e+00
1.9686371408666666e+14 4.3413037984624137e-03 -3.3381212151438850e+00
1.9711354113500000e+14 4.9726814775759515e-03 -3.5612030222384417e+00
1.9736336818333331e+14 5.4826809872603422e-03 -3.7647878432840916e+00
1.9761319523166666e+14 5.8147023912261285e-03 -3.9608865322562026e+00
1.9786302228000000e+14 5.9844049786030177e-03 -4.1621552354289806e+00
1.9811284932833331e+14 6.0652021970195938e-03 -4.3815057054356039e+00
1.9836267637666666e+14 6.1610882943439627e-03 -4.6279037548473871e+00
1.9861250342500000e+14 6.3712679488937690e-03 -4.8995332697037108e+00
1.9886233047333331e+14 6.7492090438959242e-03 -5.1813783578816164e+00
1.9911215752166666e+14 7.2700185061499931e-03 -5.4539042199166428e+00
1.9936198457000000e+14 7.8421203248620393e-03 -5.7049221742103802e+00
1.9961181161833331e+14 8.3622488750209993e-03 -5.9335045192947788e+00
1.9986163866666666e+14 8.7653422825244506e-03 -6.1467617873971019e+00
