["port_1","LEFT"]
["port_2","RIGHT"]
["port_3","LEFT"]
["port_4","RIGHT"]
("port_1","mode 1",1,"port_1",1,"transmission",5.39459e-14)
(53, 3)
1.8737028624999997e+14 3.1041735295601271e-03 -7.2106706269598853e-01
1.8762011329833331e+14 2.7674709061321491e-03 -7.8482130262841532e-01
1.8786994034666662e+14 2.4570586753008086e-03 -8.8261077378388297e-01
1.8811976739499997e+14 2.2234291923505234e-03 -1.0135539553509068e+00
1.8836959444333331e+14 2.0915901522203244e-03 -1.1597915993797423e+00
1.8861942149166662e+14 2.0437817165212609e-03 -1.2929065243156250e+00
1.8886924853999997e+14 2.0318866153192006e-03 -1.3932821766243002e+00
1.8911907558833331e+14 2.0069636899767676e-03 -1.4594716615515639e+00
1.8936890263666662e+14 1.9387388482549103e-03 -1.5020410236667041e+00
1.8961872968499997e+14 1.8213371730388664e-03 -1.5359271606765688e+00
1.8986855673333331e+14 1.6678395102455465e-03 -1.5774121197655937e+00
1.9011838378166662e+14 1.5052540456247682e-03 -1.6408041455087456e+00
1.9036821082999997e+14 1.3664651234050287e-03 -1.7324650943667532e+00
1.9061803787833331e+14 1.2778908633605686e-03 -1.8410577214220161e+00
1.9086786492666666e+14 1.2442185715706654e-03 -1.9364759447180442e+00
1.9111769197499997e+14 1.2451953001706240e-03 -1.9890153609231063e+00
1.9136751902333331e+14 1.2515069977199957e-03 -1.9856092211482752e+00
1.9161734607166666e+14 1.2402137184501438e-03 -1.9289420296850914e+00
1.9186717311999997e+14 1.2025507606033790e-03 -1.8281392485790049e+00
1.9211700016833331e+14 1.1392260422973589e-03 -1.6938965637955872e+00
1.9236682721666666e+14 1.0589680475703582e-03 -1.5372334980628044e+00
1.9261665426499997e+14 9.7320783720830173e-04 -1.3706861172270537e+00
1.9286648131333331e+14 8.9479738523188135e-04 -1.2111883598754578e+00
1.9311630836166666e+14 8.3551762646467314e-04 -1.0807414587519493e+00
1.9336613540999997e+14 8.0568803024798916e-04 -1.0007853665240312e+00
1.9359660086208747e+14 8.1475432946436963e-04 -9.7820732638605457e-01
1.9361596245833331e+14 8.1662815626265962e-04 -9.7793406368841984e-01
1.9363532405457916e+14 8.1879637863290367e-04 -9.7820732638605468e-01
1.9386578950666666e+14 8.7910284937239543e-04 -9.9244572901503814e-01
1.9411561655499997e+14 9.9532230059988318e-04 -1.0104395010927802e+00
1.9436544360333331e+14 1.1515737888987269e-03 -1.0088795711824783e+00
1.9461527065166666e+14 1.3264596538959110e-03 -9.8438586192678657e-01
1.9486509769999997e+14 1.4957476305012569e-03 -9.4533849580127949e-01
1.9511492474833331e+14 1.6377044437993287e-03 -9.0272274885095416e-01
1.9536475179666666e+14 1.7367257762584247e-03 -8.6750635046967883e-01
1.9561457884499997e+14 1.7868341513742403e-03 -8.4982744815299915e-01
1.9586440589333331e+14 1.7949650004764838e-03 -8.5859898471424079e-01
1.9611423294166666e+14 1.7815716076450270e-03 -9.0008318389875275e-01
1.9636405999000000e+14 1.7770277811226369e-03 -9.7431458463604104e-01
1.9661388703833331e+14 1.8107343025143877e-03 -1.0704365618476406e+00
1.9686371408666666e+14 1.8956250447081382e-03 -1.1689526033206217e+00
1.9711354113500000e+14 2.0217964028618465e-03 -1.2522988157031631e+00
1.9736336818333331e+14 2.1599430233986486e-03 -1.3138708040552391e+00
1.9761319523166666e+14 2.2783044974039966e-03 -1.3575101919529127e+00
1.9786302228000000e+14 2.3524633100027981e-03 -1.3924876200033822e+00
1.9811284932833331e+14 2.3729791901489273e-03 -1.4300595679100772e+00
1.9836267637666666e+14 2.3466431404907803e-03 -1.4815233402532504e+00
1.9861250342500000e+14 2.2964379621301136e-03 -1.5560997158730128e+00
1.9886233047333331e+14 2.2561079413199949e-03 -1.6569699617331894e+00
1.9911215752166666e+14 2.2585485334578291e-03 -1.7773492399878872e+00
1.9936198457000000e+14 2.3201790701595781e-03 -1.9006817290271525e+00
1.9961181161833331e+14 2.4312349497034101e-03 -2.0101163379450768e+00
1.9986163866666666e+14 2.5619337117546086e-03 -2.0976996815776157e+00
("port_1","mode 1",1,"port_2",1,"transmission",2.6005570654023327e-12)
(53, 3)
1.8737028624999997e+14 4.2489204069431419e-01 1.7521295715770078e+00
1.8762011329833331e+14 4.3218329690342172e-01 1.7292714731511007e+00
1.8786994034666662e+14 4.3949971756726802e-01 1.7050452414154411e+00
1.8811976739499997e+14 4.4755164650196705e-01 1.6796468611223903e+00
1.8836959444333331e+14 4.5687972452950026e-01 1.6546444122258344e+00
1.8861942149166662e+14 4.6732962661079824e-01 1.6319571792419201e+00
1.8886924853999997e+14 4.7809863922360479e-01 1.6124130815917677e+00
1.8911907558833331e+14 4.8837471256634435e-01 1.5951382186555092e+00
1.8936890263666662e+14 4.9800420854168503e-01 1.5784392958088997e+00
1.8961872968499997e+14 5.0753717154936651e-01 1.5613737982223419e+00
1.8986855673333331e+14 5.1760213078269202e-01 1.5444827256374294e+00
1.9011838378166662e+14 5.2826915866051394e-01 1.5289974816708409e+00
1.9036821082999997e+14 5.3906952391045504e-01 1.5155312009673838e+00
1.9061803787833331e+14 5.4954887794217011e-01 1.5036932776783856e+00
1.9086786492666666e+14 5.5964307542022362e-01 1.4927977647954198e+00
1.9111769197499997e+14 5.6954859264359592e-01 1.4825959402564406e+00
1.9136751902333331e+14 5.7939776848131885e-01 1.4732550920226017e+00
1.9161734607166666e+14 5.8916559131896684e-01 1.4649673150540912e+00
1.9186717311999997e+14 5.9879890294347760e-01 1.4578069571378423e+00
1.9211700016833331e+14 6.0825553713338298e-01 1.4518512551907718e+00
1.9236682721666666e+14 6.1742717499957678e-01 1.4472078012150635e+00
1.9261665426499997e+14 6.2614319052011613e-01 1.4438455915495574e+00
1.9286648131333331e+14 6.3427392256922077e-01 1.4415593303097276e+00
1.9311630836166666e+14 6.4178407298882056e-01 1.4401378407834109e+00
1.9336613540999997e+14 6.4867191437785210e-01 1.4394286738137925e+00
1.9359660086208747e+14 6.5447920769413226e-01 1.4392443679117704e+00
1.9361596245833331e+14 6.5494485051374751e-01 1.4392435099454188e+00
1.9363532405457916e+14 6.5540738467970039e-01 1.4392443679117704e+00
1.9386578950666666e+14 6.6071616538833278e-01 1.4393748007594216e+00
1.9411561655499997e+14 6.6622038468220102e-01 1.4398203238453691e+00
1.9436544360333331e+14 6.7162378766798492e-01 1.4409073740522453e+00
1.9461527065166666e+14 6.7684031021772684e-01 1.4430218913735147e+00
1.9486509769999997e+14 6.8164115452584961e-01 1.4462403947411047e+00
1.9511492474833331e+14 6.8593022339204723e-01 1.4503691771054383e+00
1.9536475179666666e+14 6.8981634131611225e-01 1.4553425974756693e+00
1.9561457884499997e+14 6.9338042086856122e-01 1.4614358524793962e+00
1.9586440589333331e+14 6.9645371686321222e-01 1.4690323243838979e+00
1.9611423294166666e+14 6.9866536647780519e-01 1.4782738715695927e+00
1.9636405999000000e+14 6.9962755658036702e-01 1.4889664406968841e+00
1.9661388703833331e+14 6.9904498513113622e-01 1.5006644112121366e+00
1.9686371408666666e+14 6.9678956188254670e-01 1.5127038053222115e+00
1.9711354113500000e+14 6.9304257607960162e-01 1.5243090917568678e+00
1.9736336818333331e+14 6.8834662573879768e-01 1.5350103735370657e+00
1.9761319523166666e+14 6.8330870736851401e-01 1.5450513709683951e+00
1.9786302228000000e+14 6.7811522498954335e-01 1.5552178604219922e+00
1.9811284932833331e+14 6.7240803407143201e-01 1.5660547031036982e+00
1.9836267637666666e+14 6.6572879061487600e-01 1.5772862878426330e+00
1.9861250342500000e+14 6.5804747046344325e-01 1.5881173695786461e+00
1.9886233047333331e+14 6.4980221989357578e-01 1.5980190433756278e+00
1.9911215752166666e+14 6.4149739223103086e-01 1.6071128876716883e+00
1.9936198457000000e+14 6.3339347380669642e-01 1.6159099138903599e+00
1.9961181161833331e+14 6.2552643094660954e-01 1.6249583547468451e+00
1.9986163866666666e+14 6.1779325873763946e-01 1.6347988198483987e+00
("port_1","mode 1",1,"port_3",1,"transmission",3.2501335906102873e-13)
(53, 3)
1.8737028624999997e+14 3.2231111708590583e-05 -1.2953992145304962e+00
1.8762011329833331e+14 3.0964394958946215e-05 -1.6564292519501065e+00
1.8786994034666662e+14 2.6416802157569155e-05 -2.0632650901026746e+00
1.8811976739499997e+14 1.9305511535697704e-05 -2.4107294848146448e+00
1.8836959444333331e+14 1.3780841837304011e-05 -2.5798688367523530e+00
1.8861942149166662e+14 1.1822950828671077e-05 -2.7746353019690577e+00
1.8886924853999997e+14 9.9467985338226391e-06 -3.2151188031238767e+00
1.8911907558833331e+14 6.7198050886034918e-06 -3.9795639077852565e+00
1.8936890263666662e+14 4.2354733417021938e-06 -5.2574844641636806e+00
1.8961872968499997e+14 4.8566165861775940e-06 -6.4926511074848463e+00
1.8986855673333331e+14 5.6834085816073999e-06 -7.0975691109157628e+00
1.9011838378166662e+14 6.2196600729777885e-06 -7.2921069761991060e+00
1.9036821082999997e+14 7.7524751997635801e-06 -7.4128259865219368e+00
1.9061803787833331e+14 9.4977901968275397e-06 -7.6578107368409345e+00
1.9086786492666666e+14 9.7191033131638216e-06 -7.9630925662032261e+00
1.9111769197499997e+14 8.2658518776796285e-06 -8.1843069022861954e+00
1.9136751902333331e+14 6.5944152382573264e-06 -8.2361738892338003e+00
1.9161734607166666e+14 5.6684709018162173e-06 -8.1377709481704041e+00
1.9186717311999997e+14 5.0658185520073880e-06 -8.0787526922973960e+00
1.9211700016833331e+14 4.2005271937054367e-06 -7.9146008234192236e+00
1.9236682721666666e+14 4.2345157579481680e-06 -7.5835667907250270e+00
1.9261665426499997e+14 5.1527233781607920e-06 -7.4700311309103027e+00
1.9286648131333331e+14 5.7174913850159635e-06 -7.5032980605100583e+00
1.9311630836166666e+14 5.3882281535016073e-06 -7.5717217476230596e+00
1.9336613540999997e+14 4.8505119651827860e-06 -7.5947493396561150e+00
1.9359660086208747e+14 4.3259133065979893e-06 -7.7072212499333999e+00
1.9361596245833331e+14 4.1828299757162909e-06 -7.7046248668135702e+00
1.9363532405457916e+14 4.0229658727737969e-06 -7.7072212499333999e+00
1.9386578950666666e+14 2.8855897947047691e-06 -7.9117412206969782e+00
1.9411561655499997e+14 1.1693155913966997e-06 -8.4191656877851759e+00
1.9436544360333331e+14 1.2837174484814856e-06 -1.0619902179845635e+01
1.9461527065166666e+14 2.9065507489857019e-06 -1.0981460522409076e+01
1.9486509769999997e+14 4.4352205149737999e-06 -1.1069890058014852e+01
1.9511492474833331e+14 5.7419459311444766e-06 -1.1131832510338006e+01
1.9536475179666666e+14 6.7491661848824845e-06 -1.1218202654987770e+01
1.9561457884499997e+14 6.9969914396331885e-06 -1.1343657204673566e+01
1.9586440589333331e+14 6.4654771557696544e-06 -1.1468657846595555e+01
1.9611423294166666e+14 5.2085581403318529e-06 -1.1615374807840151e+01
1.9636405999000000e+14 3.5109597968497674e-06 -1.1859638487062762e+01
1.9661388703833331e+14 1.8803138066686558e-06 -1.2643271151884798e+01
1.9686371408666666e+14 2.9343402721447206e-06 -1.4006993427636566e+01
1.9711354113500000e+14 5.8608692523190002e-06 -1.4443686433391580e+01
1.9736336818333331e+14 9.0004614719703238e-06 -1.4680617157169532e+01
1.9761319523166666e+14 1.1855311195183848e-05 -1.4856923063064322e+01
1.9786302228000000e+14 1.4038542693705795e-05 -1.5016167686936900e+01
1.9811284932833331e+14 1.5167771723897458e-05 -1.5162137000023957e+01
1.9836267637666666e+14 1.5106087765563511e-05 -1.5307069084499156e+01
1.9861250342500000e+14 1.3702399737022429e-05 -1.5441009971078053e+01
1.9886233047333331e+14 1.1059658950566745e-05 -1.5569846609453711e+01
1.9911215752166666e+14 7.1671172718979464e-06 -1.5689700352348394e+01
1.9936198457000000e+14 1.9762250285653652e-06 -1.5643907747629830e+01
1.9961181161833331e+14 4.2967840927858725e-06 -1.3130602108607704e+01
1.9986163866666666e+14 1.0593043108832910e-05 -1.3253382113717214e+01
("port_1","mode 1",1,"port_4",1,"transmission",2.6022387859388886e-12)
(53, 3)
1.8737028624999997e+14 3.9256781636556953e-01 2.5481803617014492e-01
1.8762011329833331e+14 4.0346756949684726e-01 2.1644053157581752e-01
1.8786994034666662e+14 4.1545083054431109e-01 1.8020833114783888e-01
1.8811976739499997e+14 4.2846538874167628e-01 1.4718974863713810e-01
1.8836959444333331e+14 4.4211865444616022e-01 1.1799917379201307e-01
1.8861942149166662e+14 4.5591300799464690e-01 9.2429759609726672e-02
1.8886924853999997e+14 4.6954168820474929e-01 6.9907605627110542e-02
1.8911907558833331e+14 4.8283738918819524e-01 5.0036720802900315e-02
1.8936890263666662e+14 4.9556216561704380e-01 3.2528316394066524e-02
1.8961872968499997e+14 5.0742767883594431e-01 1.6783666332062734e-02
1.8986855673333331e+14 5.1833651123306912e-01 1.8736715290253272e-03
1.9011838378166662e+14 5.2851209127048582e-01 -1.2981460111671629e-02
1.9036821082999997e+14 5.3835435713786972e-01 -2.8009738822941374e-02
1.9061803787833331e+14 5.4819463267497237e-01 -4.2929327415875948e-02
1.9086786492666666e+14 5.5816592594955650e-01 -5.7256020597374613e-02
1.9111769197499997e+14 5.6820201904845991e-01 -7.0604550292540980e-02
1.9136751902333331e+14 5.7812562861755468e-01 -8.2905673713815672e-02
1.9161734607166666e+14 5.8784614780970057e-01 -9.4457313264548329e-02
1.9186717311999997e+14 5.9756496787592339e-01 -1.0560065439567223e-01
1.9211700016833331e+14 6.0772055374754552e-01 -1.1613370362299028e-01
1.9236682721666666e+14 6.1856780599845806e-01 -1.2509732623369502e-01
1.9261665426499997e+14 6.2975929782799100e-01 -1.3137735752196081e-01
1.9286648131333331e+14 6.4043533448623213e-01 -1.3465277460561215e-01
1.9311630836166666e+14 6.4980956584216210e-01 -1.3571434019868650e-01
1.9336613540999997e+14 6.5769407108596545e-01 -1.3583203023981169e-01
1.9359660086208747e+14 6.6399267493851855e-01 -1.3583369571970469e-01
1.9361596245833331e+14 6.6449425152515462e-01 -1.3583391372437872e-01
1.9363532405457916e+14 6.6499271346749800e-01 -1.3583369571970477e-01
1.9386578950666666e+14 6.7074887800363037e-01 -1.3569653817701033e-01
1.9411561655499997e+14 6.7667783380284197e-01 -1.3484097932415956e-01
1.9436544360333331e+14 6.8207515130299923e-01 -1.3273153931112530e-01
1.9461527065166666e+14 6.8650072235808435e-01 -1.2930195653020962e-01
1.9486509769999997e+14 6.8958739143591330e-01 -1.2500433602541519e-01
1.9511492474833331e+14 6.9127459568510496e-01 -1.2055091052590754e-01
1.9536475179666666e+14 6.9184684683192987e-01 -1.1651801693012637e-01
1.9561457884499997e+14 6.9174773161371050e-01 -1.1305036249909033e-01
1.9586440589333331e+14 6.9131369193958281e-01 -1.0988487229687544e-01
1.9611423294166666e+14 6.9065049571254933e-01 -1.0664619940121085e-01
1.9636405999000000e+14 6.8972071388007961e-01 -1.0309178392519371e-01
1.9661388703833331e+14 6.8848307107053353e-01 -9.9102541179583850e-02
1.9686371408666666e+14 6.8690979986110490e-01 -9.4566290201835920e-02
1.9711354113500000e+14 6.8492880269653655e-01 -8.9376601296244487e-02
1.9736336818333331e+14 6.8243960500359424e-01 -8.3515027367341968e-02
1.9761319523166666e+14 6.7938703440194947e-01 -7.7053086682128805e-02
1.9786302228000000e+14 6.7577434346976339e-01 -7.0031475891708522e-02
1.9811284932833331e+14 6.7159457546009083e-01 -6.2417832458214369e-02
1.9836267637666666e+14 6.6679551436597262e-01 -5.4198344582770952e-02
1.9861250342500000e+14 6.6133411646057283e-01 -4.5420837040570698e-02
1.9886233047333331e+14 6.5520437667929476e-01 -3.6107581759745710e-02
1.9911215752166666e+14 6.4835614336432423e-01 -2.6209595399896604e-02
1.9936198457000000e+14 6.4063736388126336e-01 -1.5764764337899369e-02
1.9961181161833331e+14 6.3190716482690834e-01 -5.0901173911945255e-03
1.9986163866666666e+14 6.2222168192355221e-01 5.3085001821581513e-03
("port_2","mode 1",1,"port_1",1,"transmission",2.6005571195048129e-12)
(53, 3)
1.8737028624999997e+14 4.2489169678533401e-01 1.7520575569529624e+00
1.8762011329833331e+14 4.3218288571886226e-01 1.7291925666823764e+00
1.8786994034666662e+14 4.3949871361219595e-01 1.7049632795491461e+00
1.8811976739499997e+14 4.4754864061349614e-01 1.6795632018745830e+00
1.8836959444333331e+14 4.5687361230012596e-01 1.6545589063122297e+00
1.8861942149166662e+14 4.6732066344665907e-01 1.6318691380865826e+00
1.8886924853999997e+14 4.7808827103633916e-01 1.6123239350221907e+00
1.8911907558833331e+14 4.8836400273837677e-01 1.5950520258189285e+00
1.8936890263666662e+14 4.9799298017117594e-01 1.5783600421208799e+00
1.8961872968499997e+14 5.0752458893806895e-01 1.5613030146475080e+00
1.8986855673333331e+14 5.1758784396649282e-01 1.5444197152525461e+00
1.9011838378166662e+14 5.2825371730950721e-01 1.5289408592394922e+00
1.9036821082999997e+14 5.3905362561419989e-01 1.5154798492842341e+00
1.9061803787833331e+14 5.4953336941088049e-01 1.5036462179614911e+00
1.9086786492666666e+14 5.5962909524008253e-01 1.4927547769331420e+00
1.9111769197499997e+14 5.6953700966167420e-01 1.4825578920274474e+00
1.9136751902333331e+14 5.7938847355034218e-01 1.4732231605785520e+00
1.9161734607166666e+14 5.8915778344086123e-01 1.4649412179661809e+00
1.9186717311999997e+14 5.9879240711953396e-01 1.4577850816006084e+00
1.9211700016833331e+14 6.0825084833175080e-01 1.4518326283362772e+00
1.9236682721666666e+14 6.1742430938428006e-01 1.4471927306941645e+00
1.9261665426499997e+14 6.2614116375008577e-01 1.4438339803372957e+00
1.9286648131333331e+14 6.3427170243944597e-01 1.4415494699165032e+00
1.9311630836166666e+14 6.4178170079356334e-01 1.4401276506005010e+00
1.9336613540999997e+14 6.4867021783030532e-01 1.4394175537220855e+00
1.9359660086208747e+14 6.5447853662489086e-01 1.4392330978699088e+00
1.9361596245833331e+14 6.5494425944167733e-01 1.4392322333528174e+00
1.9363532405457916e+14 6.5540687350883031e-01 1.4392330978699088e+00
1.9386578950666666e+14 6.6071606920336801e-01 1.4393633117434381e+00
1.9411561655499997e+14 6.6622107287297294e-01 1.4398096265494100e+00
1.9436544360333331e+14 6.7162492065847090e-01 1.4408969398382294e+00
1.9461527065166666e+14 6.7684167426535036e-01 1.4430125430029725e+00
1.9486509769999997e+14 6.8164163631442554e-01 1.4462326421446470e+00
1.9511492474833331e+14 6.8592875393210184e-01 1.4503621455557734e+00
1.9536475179666666e+14 6.8981266333919533e-01 1.4553349485877023e+00
1.9561457884499997e+14 6.9337480350759872e-01 1.4614271052522214e+00
1.9586440589333331e+14 6.9644591573615366e-01 1.4690224088694988e+00
1.9611423294166666e+14 6.9865482116518574e-01 1.4782619903375682e+00
1.9636405999000000e+14 6.9961424656743099e-01 1.4889513703793649e+00
1.9661388703833331e+14 6.9902918223226795e-01 1.5006453942472930e+00
1.9686371408666666e+14 6.9677172120696440e-01 1.5126804343478935e+00
1.9711354113500000e+14 6.9302191796868839e-01 1.5242822894372186e+00
1.9736336818333331e+14 6.8832267996928387e-01 1.5349780213629844e+00
1.9761319523166666e+14 6.8328254260247112e-01 1.5450121131262669e+00
1.9786302228000000e+14 6.7808837425967383e-01 1.5551723651814688e+00
1.9811284932833331e+14 6.7238073160310352e-01 1.5660054614626622e+00
1.9836267637666666e+14 6.6569992452132143e-01 1.5772349520268616e+00
1.9861250342500000e+14 6.5801575417668456e-01 1.5880641439085461e+00
1.9886233047333331e+14 6.4976692011916648e-01 1.5979636493154108e+00
1.9911215752166666e+14 6.4145774999824556e-01 1.6070552987463056e+00
1.9936198457000000e+14 6.3334824967752779e-01 1.6158495048715020e+00
1.9961181161833331e+14 6.2547495344448156e-01 1.6248925136411887e+00
1.9986163866666666e+14 6.1773643841466364e-01 1.6347250793999477e+00
("port_2","mode 1",1,"port_2",1,"transmission",1.3848686127424842e-13)
(53, 3)
1.8737028624999997e+14 2.8059444891567324e-03 2.3895321942982441e+00
1.8762011329833331e+14 2.4693246710354457e-03 2.1679731149665571e+00
1.8786994034666662e+14 2.1828312174703730e-03 1.9035940937373503e+00
1.8811976739499997e+14 1.9948948859112459e-03 1.6053597839252463e+00
1.8836959444333331e+14 1.9146189369109547e-03 1.3026138656797470e+00
1.8861942149166662e+14 1.9046033289852118e-03 1.0264072011780596e+00
1.8886924853999997e+14 1.9062818029180219e-03 7.8756015550092684e-01
1.8911907558833331e+14 1.8747320701878057e-03 5.7723469424622853e-01
1.8936890263666662e+14 1.7916640550639038e-03 3.7817030209157315e-01
1.8961872968499997e+14 1.6664534831079814e-03 1.7127893898251423e-01
1.8986855673333331e+14 1.5279752125199350e-03 -5.9994026628431840e-02
1.9011838378166662e+14 1.4144716549559341e-03 -3.2202719092892762e-01
1.9036821082999997e+14 1.3564328892374329e-03 -6.0015278634223546e-01
1.9061803787833331e+14 1.3557908478732444e-03 -8.6097889742144529e-01
1.9086786492666666e+14 1.3839151407959243e-03 -1.0767366161512442e+00
1.9111769197499997e+14 1.4007020305061701e-03 -1.2403265729552886e+00
1.9136751902333331e+14 1.3751360444357449e-03 -1.3580615979124735e+00
1.9161734607166666e+14 1.2929734141967557e-03 -1.4397332960794562e+00
1.9186717311999997e+14 1.1551017723604093e-03 -1.4934712987277581e+00
1.9211700016833331e+14 9.7449251917314499e-04 -1.5257966042640503e+00
1.9236682721666666e+14 7.7126961463253626e-04 -1.5388593176785108e+00
1.9261665426499997e+14 5.6942445233850564e-04 -1.5287651222697953e+00
1.9286648131333331e+14 3.9480841037668632e-04 -1.4791860322505404e+00
1.9311630836166666e+14 2.7328657633862908e-04 -1.3590278755283713e+00
1.9336613540999997e+14 2.2458427148087885e-04 -1.1888794926641926e+00
1.9359660086208747e+14 2.4704058347065956e-04 -1.1146352502773917e+00
1.9361596245833331e+14 2.5083414496700521e-04 -1.1137628685416465e+00
1.9363532405457916e+14 2.5500049592653288e-04 -1.1146352502773920e+00
1.9386578950666666e+14 3.4238280020796203e-04 -1.1684349841786521e+00
1.9411561655499997e+14 4.9087582865797730e-04 -1.2539924738002568e+00
1.9436544360333331e+14 6.7981029445315932e-04 -1.3312732337446103e+00
1.9461527065166666e+14 8.8821718747661221e-04 -1.3957994290130420e+00
1.9486509769999997e+14 1.0918361142041647e-03 -1.4568559175102467e+00
1.9511492474833331e+14 1.2677612944903118e-03 -1.5232899007640688e+00
1.9536475179666666e+14 1.3979627329003697e-03 -1.6037090795861579e+00
1.9561457884499997e+14 1.4737609283368544e-03 -1.7064457599029001e+00
1.9586440589333331e+14 1.4998317452194804e-03 -1.8405309065172206e+00
1.9611423294166666e+14 1.4960313211367878e-03 -2.0133751669638618e+00
1.9636405999000000e+14 1.4942452348791818e-03 -2.2264217314716057e+00
1.9661388703833331e+14 1.5279484097044393e-03 -2.4676345600809055e+00
1.9686371408666666e+14 1.6148093944238933e-03 -2.7128808549710914e+00
1.9711354113500000e+14 1.7466112174236018e-03 -2.9374261527732668e+00
1.9736336818333331e+14 1.8910298543897356e-03 -3.1336674208621660e+00
1.9761319523166666e+14 2.0147134651042359e-03 -3.3063206463630874e+00
1.9786302228000000e+14 2.0910379899888912e-03 -3.4665140688507159e+00
1.9811284932833331e+14 2.1080740808266142e-03 -3.6273398057206134e+00
1.9836267637666666e+14 2.0705660768761645e-03 -3.8020964711504117e+00
1.9861250342500000e+14 1.9997807712301154e-03 -4.0028215077941356e+00
1.9886233047333331e+14 1.9298424177905489e-03 -4.2363634683799702e+00
1.9911215752166666e+14 1.8981295389434946e-03 -4.4979752730898799e+00
1.9936198457000000e+14 1.9273512710175581e-03 -4.7684574042680126e+00
1.9961181161833331e+14 2.0115700252390832e-03 -5.0245498768858958e+00
1.9986163866666666e+14 2.1201937892512215e-03 -5.2537973563313916e+00
("port_2","mode 1",1,"port_3",1,"transmission",2.6022396950652148e-12)
(53, 3)
1.8737028624999997e+14 3.9252512935923867e-01 2.5473563153499551e-01
1.8762011329833331e+14 4.0342797767305028e-01 2.1637578563486679e-01
1.8786994034666662e+14 4.1541362403444931e-01 1.8015931732926366e-01
1.8811976739499997e+14 4.2843012059965446e-01 1.4715384220637476e-01
1.8836959444333331e+14 4.4208571443608341e-01 1.1797430281118476e-01
1.8861942149166662e+14 4.5588318353464563e-01 9.2414533379438626e-02
1.8886924853999997e+14 4.6951530946175596e-01 6.9901252069424519e-02
1.8911907558833331e+14 4.8281411360037396e-01 5.0038386805470146e-02
1.8936890263666662e+14 4.9554145715937370e-01 3.2536509492586206e-02
1.8961872968499997e+14 5.0740939557328679e-01 1.6795761678132175e-02
1.8986855673333331e+14 5.1832111523448288e-01 1.8875355287092299e-03
1.9011838378166662e+14 5.2849998282800059e-01 -1.2966530502867597e-02
1.9036821082999997e+14 5.3834514377645382e-01 -2.7994040394161656e-02
1.9061803787833331e+14 5.4818758170089754e-01 -4.2913878700037808e-02
1.9086786492666666e+14 5.5816079731619983e-01 -5.7242882211859109e-02
1.9111769197499997e+14 5.6819941250178341e-01 -7.0594722952705496e-02
1.9136751902333331e+14 5.7812597476386618e-01 -8.2898170353095102e-02
1.9161734607166666e+14 5.8784905705781110e-01 -9.4450388811441882e-02
1.9186717311999997e+14 5.9756963340577718e-01 -1.0559356411824632e-01
1.9211700016833331e+14 6.0772637194264623e-01 -1.1612707650403396e-01
1.9236682721666666e+14 6.1857449466605885e-01 -1.2509134567632285e-01
1.9261665426499997e+14 6.2976642692020524e-01 -1.3137180902839882e-01
1.9286648131333331e+14 6.4044262460904156e-01 -1.3464772942787950e-01
1.9311630836166666e+14 6.4981690233896838e-01 -1.3570974877939557e-01
1.9336613540999997e+14 6.5770123045285100e-01 -1.3582763039819598e-01
1.9359660086208747e+14 6.6399923110463177e-01 -1.3582887485655634e-01
1.9361596245833331e+14 6.6450074394847125e-01 -1.3582909793597436e-01
1.9363532405457916e+14 6.6499914471868105e-01 -1.3582887485655651e-01
1.9386578950666666e+14 6.7075400743395563e-01 -1.3569212299695907e-01
1.9411561655499997e+14 6.7668183493898149e-01 -1.3483693240997516e-01
1.9436544360333331e+14 6.8207784916262060e-01 -1.3272939676367881e-01
1.9461527065166666e+14 6.8650270171878292e-01 -1.2930176291448819e-01
1.9486509769999997e+14 6.8958854319195850e-01 -1.2500548902427860e-01
1.9511492474833331e+14 6.9127430508017851e-01 -1.2055321895345851e-01
1.9536475179666666e+14 6.9184468121052156e-01 -1.1652204132906591e-01
1.9561457884499997e+14 6.9174349304721083e-01 -1.1305677401412163e-01
1.9586440589333331e+14 6.9130718107084599e-01 -1.0989404907646998e-01
1.9611423294166666e+14 6.9064139519926904e-01 -1.0665886736491967e-01
1.9636405999000000e+14 6.8970906066980542e-01 -1.0310882101979521e-01
1.9661388703833331e+14 6.8846900382700216e-01 -9.9124619196772096e-02
1.9686371408666666e+14 6.8689386316619006e-01 -9.4593756144340430e-02
1.9711354113500000e+14 6.8491056184129628e-01 -8.9407753134657875e-02
1.9736336818333331e+14 6.8241832676924186e-01 -8.3550404075045506e-02
1.9761319523166666e+14 6.7936255749514052e-01 -7.7093100137549733e-02
1.9786302228000000e+14 6.7574681060883335e-01 -7.0076072128484115e-02
1.9811284932833331e+14 6.7156361800211106e-01 -6.2466358449957959e-02
1.9836267637666666e+14 6.6676005872556610e-01 -5.4250789136468469e-02
1.9861250342500000e+14 6.6129323434559517e-01 -4.5478480285849221e-02
1.9886233047333331e+14 6.5515821173757804e-01 -3.6172433086683921e-02
1.9911215752166666e+14 6.4830542736954089e-01 -2.6282951991936841e-02
1.9936198457000000e+14 6.4058278845214589e-01 -1.5846758837250386e-02
1.9961181161833331e+14 6.3184912467530063e-01 -5.1810196288069651e-03
1.9986163866666666e+14 6.2216081464637285e-01 5.2080966444583415e-03
("port_2","mode 1",1,"port_4",1,"transmission",2.9567623370504818e-13)
(53, 3)
1.8737028624999997e+14 3.1361352855878102e-05 -2.4929523214873024e+00
1.8762011329833331e+14 3.0094011477196404e-05 -2.7947729398815566e+00
1.8786994034666662e+14 2.5426166800900803e-05 -3.1495560042761710e+00
1.8811976739499997e+14 1.7865044100879062e-05 -3.4463272770492068e+00
1.8836959444333331e+14 1.2274231213798549e-05 -3.5390105536976222e+00
1.8861942149166662e+14 1.0263120224586254e-05 -3.6486170169475320e+00
1.8886924853999997e+14 8.3175451799873059e-06 -4.0798574264050034e+00
1.8911907558833331e+14 5.2758571470855794e-06 -4.9294752361555965e+00
1.8936890263666662e+14 4.2250630393980689e-06 -6.3576846731504721e+00
1.8961872968499997e+14 5.8171540276430430e-06 -7.3909178448203479e+00
1.8986855673333331e+14 6.4431622568267286e-06 -7.8734330379034070e+00
1.9011838378166662e+14 6.7299569143810159e-06 -7.9974095536222851e+00
1.9036821082999997e+14 8.0089175473817373e-06 -8.0399737212296287e+00
1.9061803787833331e+14 9.6185165111394468e-06 -8.2281285663219652e+00
1.9086786492666666e+14 9.6003828046840235e-06 -8.4713792151291365e+00
1.9111769197499997e+14 8.2226390848771261e-06 -8.6325384667368095e+00
1.9136751902333331e+14 6.5193546026131189e-06 -8.5882184186788706e+00
1.9161734607166666e+14 5.8771724040217455e-06 -8.4370655282982359e+00
1.9186717311999997e+14 5.5639235879209996e-06 -8.3442654998871468e+00
1.9211700016833331e+14 4.8694802473234842e-06 -8.1905851523383877e+00
1.9236682721666666e+14 4.8859104299642459e-06 -7.9121114332744114e+00
1.9261665426499997e+14 5.5007002555366575e-06 -7.8041923551858421e+00
1.9286648131333331e+14 5.6244599697282866e-06 -7.8246648702349448e+00
1.9311630836166666e+14 4.9860214083432075e-06 -7.8782822135638693e+00
1.9336613540999997e+14 3.9815377153277073e-06 -7.8262076421204911e+00
1.9359660086208747e+14 2.9754876372679272e-06 -7.8538677407969200e+00
1.9361596245833331e+14 2.7747192874362530e-06 -7.8483088163776520e+00
1.9363532405457916e+14 2.5654886606581359e-06 -7.8538677407969200e+00
1.9386578950666666e+14 1.3378606712578941e-06 -8.1023039595711133e+00
1.9411561655499997e+14 9.3534768521851379e-07 -1.0388171528203211e+01
1.9436544360333331e+14 2.9035844274348544e-06 -1.0966771922912926e+01
1.9461527065166666e+14 4.3817957390228081e-06 -1.1103964233340216e+01
1.9486509769999997e+14 5.3101071596143043e-06 -1.1107261943996829e+01
1.9511492474833331e+14 6.0979270908687859e-06 -1.1080432421599868e+01
1.9536475179666666e+14 6.5168550733732114e-06 -1.1068214512403152e+01
1.9561457884499997e+14 6.2602033114675847e-06 -1.1109114605720402e+01
1.9586440589333331e+14 5.1629080551493195e-06 -1.1152826275414213e+01
1.9611423294166666e+14 3.4742399433654916e-06 -1.1183303329857653e+01
1.9636405999000000e+14 1.6517337567828948e-06 -1.1225541233226144e+01
1.9661388703833331e+14 6.5891061923351326e-07 -1.3468765655494817e+01
1.9686371408666666e+14 3.1761115551871223e-06 -1.4009267346518481e+01
1.9711354113500000e+14 6.0101980676086435e-06 -1.4106154756219754e+01
1.9736336818333331e+14 8.7767856141746312e-06 -1.4174299136265432e+01
1.9761319523166666e+14 1.1096598199317524e-05 -1.4230071157946275e+01
1.9786302228000000e+14 1.2811278415737152e-05 -1.4291967753066011e+01
1.9811284932833331e+14 1.3670571830993846e-05 -1.4354532664748302e+01
1.9836267637666666e+14 1.3355808416551383e-05 -1.4410987110899427e+01
1.9861250342500000e+14 1.1971240136829410e-05 -1.4448883570544981e+01
1.9886233047333331e+14 9.5016443865806475e-06 -1.4466253860239835e+01
1.9911215752166666e+14 5.9252636980029317e-06 -1.4392828344107109e+01
1.9936198457000000e+14 2.3841378426968269e-06 -1.3566185125684507e+01
1.9961181161833331e+14 5.7173246947919803e-06 -1.2341432277461681e+01
1.9986163866666666e+14 1.1147860480627144e-05 -1.2258479250203461e+01
("port_3","mode 1",1,"port_1",1,"transmission",2.9205244702568768e-13)
(53, 3)
1.8737028624999997e+14 3.2302448950173177e-05 -2.5949758743442524e+00
1.8762011329833331e+14 3.0964296059911420e-05 -2.8972641419510379e+00
1.8786994034666662e+14 2.6486132097264568e-05 -3.2561688014454608e+00
1.8811976739499997e+14 1.9320268459157439e-05 -3.5513561082433358e+00
1.8836959444333331e+14 1.3803684656868138e-05 -3.6813008135752163e+00
1.8861942149166662e+14 1.1837366944558583e-05 -3.8047316680467409e+00
1.8886924853999997e+14 9.9095475604855323e-06 -4.2087702596162861e+00
1.8911907558833331e+14 6.7324932452631650e-06 -4.9221024252107242e+00
1.8936890263666662e+14 4.2901974566604249e-06 -6.1195604453759627e+00
1.8961872968499997e+14 4.9808839541826068e-06 -7.3035295452670272e+00
1.8986855673333331e+14 5.7335290796050538e-06 -7.8753469959235893e+00
1.9011838378166662e+14 6.2953413206848910e-06 -8.0138483937372129e+00
1.9036821082999997e+14 7.8401733871644125e-06 -8.0745535526766741e+00
1.9061803787833331e+14 9.5607344124356575e-06 -8.2778594861784942e+00
1.9086786492666666e+14 9.7543688433602278e-06 -8.5269547779570871e+00
1.9111769197499997e+14 8.4034589493125333e-06 -8.7010124702419240e+00
1.9136751902333331e+14 6.6567467033670328e-06 -8.6932554381291638e+00
1.9161734607166666e+14 5.7027148859210155e-06 -8.5617359821142074e+00
1.9186717311999997e+14 5.0355281325522268e-06 -8.4598194627444645e+00
1.9211700016833331e+14 4.2949326177923487e-06 -8.2413533123646854e+00
1.9236682721666666e+14 4.2167081744161939e-06 -7.8695792584745172e+00
1.9261665426499997e+14 5.0735231025028893e-06 -7.6741174997279193e+00
1.9286648131333331e+14 5.6485287728576911e-06 -7.6642265370337954e+00
1.9311630836166666e+14 5.3568648746711853e-06 -7.6724461874722003e+00
1.9336613540999997e+14 4.7988773541638057e-06 -7.6452879332323178e+00
1.9359660086208747e+14 4.1934318763407448e-06 -7.6907616033054236e+00
1.9361596245833331e+14 4.0401313410619865e-06 -7.6876013698431684e+00
1.9363532405457916e+14 3.8754082565261604e-06 -7.6907616033054236e+00
1.9386578950666666e+14 2.8975315283813323e-06 -7.8422423086913362e+00
1.9411561655499997e+14 1.0966537876876169e-06 -8.2955237927750023e+00
1.9436544360333331e+14 1.2538328335732854e-06 -1.0500198230988081e+01
1.9461527065166666e+14 2.8766018618109904e-06 -1.0803818117091854e+01
1.9486509769999997e+14 4.3810092957383362e-06 -1.0825092848317764e+01
1.9511492474833331e+14 5.7137160072934776e-06 -1.0837417867793464e+01
1.9536475179666666e+14 6.6532395963045644e-06 -1.0861549330660786e+01
1.9561457884499997e+14 6.9240041455213185e-06 -1.0926282593720583e+01
1.9586440589333331e+14 6.4685885521975105e-06 -1.1005097030229550e+01
1.9611423294166666e+14 5.1051171207147864e-06 -1.1098011459154447e+01
1.9636405999000000e+14 3.4124503620250113e-06 -1.1284383990064830e+01
1.9661388703833331e+14 1.7786332525528687e-06 -1.2019718452969149e+01
1.9686371408666666e+14 2.8867858139917872e-06 -1.3338987040890093e+01
1.9711354113500000e+14 5.8469984302178032e-06 -1.3729903716719935e+01
1.9736336818333331e+14 8.9860854133926757e-06 -1.3911576796849138e+01
1.9761319523166666e+14 1.1810757918774877e-05 -1.4032234361956615e+01
1.9786302228000000e+14 1.3904364474994557e-05 -1.4139067657950108e+01
1.9811284932833331e+14 1.5109611591855731e-05 -1.4234837360364363e+01
1.9836267637666666e+14 1.5050756575602791e-05 -1.4323879301673259e+01
1.9861250342500000e+14 1.3594681092845934e-05 -1.4405828914602621e+01
1.9886233047333331e+14 1.1036086899324080e-05 -1.4479310818208001e+01
1.9911215752166666e+14 7.0609012654611936e-06 -1.4546767035731744e+01
1.9936198457000000e+14 1.9204120976183184e-06 -1.4427388575787672e+01
1.9961181161833331e+14 4.3960284704332608e-06 -1.1912451447097862e+01
1.9986163866666666e+14 1.0599580498801192e-05 -1.1962849144412049e+01
("port_3","mode 1",1,"port_2",1,"transmission",2.6022388769027293e-12)
(53, 3)
1.8737028624999997e+14 3.9257264084588872e-01 2.5482592953590949e-01
1.8762011329833331e+14 4.0347243028682256e-01 2.1644924725896181e-01
1.8786994034666662e+14 4.1545565837593157e-01 1.8021796402576384e-01
1.8811976739499997e+14 4.2847020347636589e-01 1.4720020058977687e-01
1.8836959444333331e+14 4.4212342945355210e-01 1.1801005069949573e-01
1.8861942149166662e+14 4.5591788840956027e-01 9.2440864527946712e-02
1.8886924853999997e+14 4.6954674501927385e-01 6.9919100931230702e-02
1.8911907558833331e+14 4.8284256401735060e-01 5.0048616861074605e-02
1.8936890263666662e+14 4.9556728382615239e-01 3.2540571946235053e-02
1.8961872968499997e+14 5.0743272369013181e-01 1.6796219764561398e-02
1.8986855673333331e+14 5.1834150822161684e-01 1.8866813932536719e-03
1.9011838378166662e+14 5.2851696340308696e-01 -1.2967757441475464e-02
1.9036821082999997e+14 5.3835904550407354e-01 -2.7995628362556271e-02
1.9061803787833331e+14 5.4819917776149074e-01 -4.2914958541584350e-02
1.9086786492666666e+14 5.5817036643647433e-01 -5.7241653488940870e-02
1.9111769197499997e+14 5.6820632952414984e-01 -7.0590385888302798e-02
1.9136751902333331e+14 5.7812978661214831e-01 -8.2891612743611259e-02
1.9161734607166666e+14 5.8785012272803783e-01 -9.4443298626920441e-02
1.9186717311999997e+14 5.9756868800750562e-01 -1.0558641208009592e-01
1.9211700016833331e+14 6.0772404530307633e-01 -1.1611956285579240e-01
1.9236682721666666e+14 6.1857122197352443e-01 -1.2508340102275817e-01
1.9261665426499997e+14 6.2976272231437203e-01 -1.3136371681816908e-01
1.9286648131333331e+14 6.4043896896045738e-01 -1.3463955034519301e-01
1.9311630836166666e+14 6.4981341580634855e-01 -1.3570125083594040e-01
1.9336613540999997e+14 6.5769800953463853e-01 -1.3581876885821875e-01
1.9359660086208747e+14 6.6399637741770212e-01 -1.3581994497426852e-01
1.9361596245833331e+14 6.6449797769717145e-01 -1.3582017646343097e-01
1.9363532405457916e+14 6.6499647087043967e-01 -1.3581994497426850e-01
1.9386578950666666e+14 6.7075231995401419e-01 -1.3568233378338096e-01
1.9411561655499997e+14 6.7668088127588366e-01 -1.3482647783907917e-01
1.9436544360333331e+14 6.8207785109501307e-01 -1.3271687815436481e-01
1.9461527065166666e+14 6.8650314054761263e-01 -1.2928728221062452e-01
1.9486509769999997e+14 6.8958945016795370e-01 -1.2498962649255775e-01
1.9511492474833331e+14 6.9127605674295278e-01 -1.2053632862230908e-01
1.9536475179666666e+14 6.9184756314499929e-01 -1.1650379244444665e-01
1.9561457884499997e+14 6.9174767841451690e-01 -1.1303669207620126e-01
1.9586440589333331e+14 6.9131301113639199e-01 -1.0987183505871514e-01
1.9611423294166666e+14 6.9064934364154285e-01 -1.0663389582736961e-01
1.9636405999000000e+14 6.8971924523208805e-01 -1.0308035112986924e-01
1.9661388703833331e+14 6.8848143143122831e-01 -9.9092145905558371e-02
1.9686371408666666e+14 6.8690802641185589e-01 -9.4557012365814055e-02
1.9711354113500000e+14 6.8492699592986050e-01 -8.9368697063590796e-02
1.9736336818333331e+14 6.8243785045088246e-01 -8.3508285704506233e-02
1.9761319523166666e+14 6.7938538499236023e-01 -7.7047348521158063e-02
1.9786302228000000e+14 6.7577288705129479e-01 -7.0026654036683234e-02
1.9811284932833331e+14 6.7159346139619924e-01 -6.2413862711351284e-02
1.9836267637666666e+14 6.6679490655510387e-01 -5.4195119781372633e-02
1.9861250342500000e+14 6.6133403288930126e-01 -4.5418360593730993e-02
1.9886233047333331e+14 6.5520482264412161e-01 -3.6105823558285829e-02
1.9911215752166666e+14 6.4835711097296767e-01 -2.6208511077877136e-02
1.9936198457000000e+14 6.4063883994398640e-01 -1.5764232525095033e-02
1.9961181161833331e+14 6.3190905402647013e-01 -5.0897088691763672e-03
1.9986163866666666e+14 6.2222389441044945e-01 5.3088650430296981e-03
("port_3","mode 1",1,"port_3",1,"transmission",5.3249697777220882e-14)
(53, 3)
1.8737028624999997e+14 3.1581185301308890e-03 -7.9293465662017515e-01
1.8762011329833331e+14 2.8602786259727185e-03 -8.4660734856104258e-01
1.8786994034666662e+14 2.5724761425871775e-03 -9.2601486108703246e-01
1.8811976739499997e+14 2.3374810785718441e-03 -1.0309898626712390e+00
1.8836959444333331e+14 2.1779820659013700e-03 -1.1499972139825236e+00
1.8861942149166662e+14 2.0834687090594329e-03 -1.2631144872290161e+00
1.8886924853999997e+14 2.0184178925491273e-03 -1.3540806661457661e+00
1.8911907558833331e+14 1.9430074916924210e-03 -1.4190493379376310e+00
1.8936890263666662e+14 1.8312777258692075e-03 -1.4653051345771264e+00
1.8961872968499997e+14 1.6772387509807916e-03 -1.5068205838292597e+00
1.8986855673333331e+14 1.4934118996851695e-03 -1.5614156268414354e+00
1.9011838378166662e+14 1.3072259895120803e-03 -1.6479928038505296e+00
1.9036821082999997e+14 1.1544713596451132e-03 -1.7778970338875313e+00
1.9061803787833331e+14 1.0655716168572655e-03 -1.9375737369547350e+00
1.9086786492666666e+14 1.0437093100075408e-03 -2.0833100410353240e+00
1.9111769197499997e+14 1.0603871871621975e-03 -2.1736218328154462e+00
1.9136751902333331e+14 1.0767705563461574e-03 -2.1969334361104034e+00
1.9161734607166666e+14 1.0664340945774422e-03 -2.1622606508873257e+00
1.9186717311999997e+14 1.0194978170523540e-03 -2.0833180192335670e+00
1.9211700016833331e+14 9.3847932092851606e-04 -1.9727858962965010e+00
1.9236682721666666e+14 8.3456009035822679e-04 -1.8410237551863533e+00
1.9261665426499997e+14 7.2295147003490173e-04 -1.6986069160117507e+00
1.9286648131333331e+14 6.2111616950707624e-04 -1.5594004674254283e+00
1.9311630836166666e+14 5.4635963611358656e-04 -1.4459428905136076e+00
1.9336613540999997e+14 5.1354772679908787e-04 -1.3802963994078086e+00
1.9359660086208747e+14 5.3112792230977787e-04 -1.3622556482998329e+00
1.9361596245833331e+14 5.3404352469325054e-04 -1.3619894624391402e+00
1.9363532405457916e+14 5.3738013605901665e-04 -1.3622556482998329e+00
1.9386578950666666e+14 6.1180098365129639e-04 -1.3571745532964241e+00
1.9411561655499997e+14 7.3954428825890206e-04 -1.3325490865653227e+00
1.9436544360333331e+14 8.9879279734020995e-04 -1.2820122766657245e+00
1.9461527065166666e+14 1.0692444751011548e-03 -1.2145156996150814e+00
1.9486509769999997e+14 1.2306781252643317e-03 -1.1427871885442691e+00
1.9511492474833331e+14 1.3655269831022183e-03 -1.0784727407438819e+00
1.9536475179666666e+14 1.4618203676674010e-03 -1.0315704936565302e+00
1.9561457884499997e+14 1.5167995044634160e-03 -1.0111828670217788e+00
1.9586440589333331e+14 1.5402251844420811e-03 -1.0248616713899896e+00
1.9611423294166666e+14 1.5548541424069764e-03 -1.0760056564293861e+00
1.9636405999000000e+14 1.5902006327374459e-03 -1.1586799983569438e+00
1.9661388703833331e+14 1.6704004416315311e-03 -1.2554221836188582e+00
1.9686371408666666e+14 1.7993986755198393e-03 -1.3447700275900232e+00
1.9711354113500000e+14 1.9604816177627091e-03 -1.4130243328213452e+00
1.9736336818333331e+14 2.1227344634557012e-03 -1.4592706619344291e+00
1.9761319523166666e+14 2.2574024440934798e-03 -1.4908353186818148e+00
1.9786302228000000e+14 2.3451898636699313e-03 -1.5179278521667121e+00
1.9811284932833331e+14 2.3809607486949408e-03 -1.5513460001762531e+00
1.9836267637666666e+14 2.3760324799797475e-03 -1.6009319495991252e+00
1.9861250342500000e+14 2.3553388846427508e-03 -1.6733303933228192e+00
1.9886233047333331e+14 2.3513903594235760e-03 -1.7684865616111989e+00
1.9911215752166666e+14 2.3920265722066287e-03 -1.8771374287418552e+00
1.9936198457000000e+14 2.4861531013541860e-03 -1.9838589881538060e+00
1.9961181161833331e+14 2.6192637329957922e-03 -2.0757345238481717e+00
1.9986163866666666e+14 2.7619142454813955e-03 -2.1482228885069707e+00
("port_3","mode 1",1,"port_4",1,"transmission",2.6005472770370182e-12)
(53, 3)
1.8737028624999997e+14 4.2486345693026895e-01 1.7519065315592530e+00
1.8762011329833331e+14 4.3214983502150378e-01 1.7290501481874185e+00
1.8786994034666662e+14 4.3946659451477904e-01 1.7048244756376918e+00
1.8811976739499997e+14 4.4752266539728303e-01 1.6794360205376360e+00
1.8836959444333331e+14 4.5685399670032362e-01 1.6544562893934960e+00
1.8861942149166662e+14 4.6730221596395793e-01 1.6317971020699509e+00
1.8886924853999997e+14 4.7806521549110975e-01 1.6122760231882838e+00
1.8911907558833331e+14 4.8833485375564739e-01 1.5950160822342763e+00
1.8936890263666662e+14 4.9796049217527349e-01 1.5783288722859614e+00
1.8961872968499997e+14 5.0749139900662243e-01 1.5612783621576829e+00
1.8986855673333331e+14 5.1755310835648705e-01 1.5444070112095161e+00
1.9011838378166662e+14 5.2821353002949767e-01 1.5289423896768075e+00
1.9036821082999997e+14 5.3900397344008844e-01 1.5154931949011223e+00
1.9061803787833331e+14 5.4947167335771430e-01 1.5036661603893315e+00
1.9086786492666666e+14 5.5955422423394208e-01 1.4927756404467749e+00
1.9111769197499997e+14 5.6944921229343459e-01 1.4825742414652998e+00
1.9136751902333331e+14 5.7928952141593959e-01 1.4732302754215827e+00
1.9161734607166666e+14 5.8905054641870480e-01 1.4649370295962638e+00
1.9186717311999997e+14 5.9867944810658302e-01 1.4577699512434428e+00
1.9211700016833331e+14 6.0813385451723045e-01 1.4518082367939267e+00
1.9236682721666666e+14 6.1730480764165641e-01 1.4471600495024768e+00
1.9261665426499997e+14 6.2602127026128784e-01 1.4437941326746067e+00
1.9286648131333331e+14 6.3415346310928844e-01 1.4415046162241987e+00
1.9311630836166666e+14 6.4166672135853564e-01 1.4400798214937072e+00
1.9336613540999997e+14 6.4855978048727980e-01 1.4393679162515431e+00
1.9359660086208747e+14 6.5437389184924033e-01 1.4391821764520820e+00
1.9361596245833331e+14 6.5484013253778228e-01 1.4391813260747572e+00
1.9363532405457916e+14 6.5530326730014032e-01 1.4391821764520820e+00
1.9386578950666666e+14 6.6062064443418789e-01 1.4393131566994164e+00
1.9411561655499997e+14 6.6613584230870526e-01 1.4397616534999329e+00
1.9436544360333331e+14 6.7155172177631839e-01 1.4408548353078636e+00
1.9461527065166666e+14 6.7678164002013952e-01 1.4429793567051272e+00
1.9486509769999997e+14 6.8159618268648881e-01 1.4462114944477402e+00
1.9511492474833331e+14 6.8589903334929014e-01 1.4503572505190947e+00
1.9536475179666666e+14 6.8979876984290101e-01 1.4553511761138811e+00
1.9561457884499997e+14 6.9337533220471004e-01 1.4614690063426323e+00
1.9586440589333331e+14 6.9645810595793112e-01 1.4690932107825556e+00
1.9611423294166666e+14 6.9867510032514857e-01 1.4783623741779801e+00
1.9636405999000000e+14 6.9963970774412931e-01 1.4890785060648897e+00
1.9661388703833331e+14 6.9905988007740993e-01 1.5007947420075691e+00
1.9686371408666666e+14 6.9681039033129999e-01 1.5128499112448899e+00
1.9711354113500000e+14 6.9307249807011229e-01 1.5244735001841609e+00
1.9736336818333331e+14 6.8838632619376849e-01 1.5351979974719854e+00
1.9761319523166666e+14 6.8335612453262962e-01 1.5452661281943663e+00
1.9786302228000000e+14 6.7816737836494279e-01 1.5554601267638433e+00
1.9811284932833331e+14 6.7246330082525940e-01 1.5663217322776168e+00
1.9836267637666666e+14 6.6578812366339313e-01 1.5775750608781220e+00
1.9861250342500000e+14 6.5811395167703657e-01 1.5884281285082289e+00
1.9886233047333331e+14 6.4987867851416892e-01 1.5983570635679161e+00
1.9911215752166666e+14 6.4158377070641825e-01 1.6074872713787713e+00
1.9936198457000000e+14 6.3348571072135462e-01 1.6163291715248138e+00
1.9961181161833331e+14 6.2561810351498170e-01 1.6254256872783888e+00
1.9986163866666666e+14 6.1787856647841710e-01 1.6353116620388743e+00
("port_4","mode 1",1,"port_1",1,"transmission",2.6022394793257981e-12)
(53, 3)
1.8737028624999997e+14 3.9252040645600106e-01 2.5471911570539979e-01
1.8762011329833331e+14 4.0342334453815215e-01 2.1635864450020834e-01
1.8786994034666662e+14 4.1540904595538852e-01 1.8014199747052451e-01
1.8811976739499997e+14 4.2842555965610768e-01 1.4713655826777866e-01
1.8836959444333331e+14 4.4208116471580655e-01 1.1795719471279774e-01
1.8861942149166662e+14 4.5587858527503455e-01 9.2397491045007649e-02
1.8886924853999997e+14 4.6951064273829374e-01 6.9884177192636343e-02
1.8911907558833331e+14 4.8280930040410625e-01 5.0021143449394241e-02
1.8936890263666662e+14 4.9553636783107063e-01 3.2518760982950291e-02
1.8961872968499997e+14 5.0740414543257184e-01 1.6777512096568584e-02
1.8986855673333331e+14 5.1831584283666288e-01 1.8688557725505502e-03
1.9011838378166662e+14 5.2849481824849442e-01 -1.2985485089626806e-02
1.9036821082999997e+14 5.3834023230456385e-01 -2.8013126255068792e-02
1.9061803787833331e+14 5.4818303861307438e-01 -4.2933150310844631e-02
1.9086786492666666e+14 5.5815666893460880e-01 -5.7262142294294147e-02
1.9111769197499997e+14 5.6819560935567537e-01 -7.0613936175390662e-02
1.9136751902333331e+14 5.7812244082245223e-01 -8.2917126955909443e-02
1.9161734607166666e+14 5.8784571350327719e-01 -9.4468973922491054e-02
1.9186717311999997e+14 5.9756650402423306e-01 -1.0561151255472682e-01
1.9211700016833331e+14 6.0772344727120797e-01 -1.1614421918504093e-01
1.9236682721666666e+14 6.1857165801524494e-01 -1.2510760521840250e-01
1.9261665426499997e+14 6.2976355850781052e-01 -1.3138741230146433e-01
1.9286648131333331e+14 6.4043964843250334e-01 -1.3466307958804105e-01
1.9311630836166666e+14 6.4981378953897972e-01 -1.3572520364548307e-01
1.9336613540999997e+14 6.5769814889034428e-01 -1.3584320219826693e-01
1.9359660086208747e+14 6.6399623611338243e-01 -1.3584429224885461e-01
1.9361596245833331e+14 6.6449780189937102e-01 -1.3584452857990545e-01
1.9363532405457916e+14 6.6499626077209917e-01 -1.3584429224885461e-01
1.9386578950666666e+14 6.7075119581637388e-01 -1.3570722307220082e-01
1.9411561655499997e+14 6.7667913572513605e-01 -1.3485168127662017e-01
1.9436544360333331e+14 6.8207535259239382e-01 -1.3274387245747615e-01
1.9461527065166666e+14 6.8650053195959926e-01 -1.2931615091996485e-01
1.9486509769999997e+14 6.8958677129547385e-01 -1.2501987668595424e-01
1.9511492474833331e+14 6.9127301182427703e-01 -1.2056763632946589e-01
1.9536475179666666e+14 6.9184396694145234e-01 -1.1653628380605277e-01
1.9561457884499997e+14 6.9174342958971979e-01 -1.1307041607554873e-01
1.9586440589333331e+14 6.9130768984430524e-01 -1.0990666675991106e-01
1.9611423294166666e+14 6.9064242948701715e-01 -1.0667018802765978e-01
1.9636405999000000e+14 6.8971052499432672e-01 -1.0311881431818078e-01
1.9661388703833331e+14 6.8847084494996080e-01 -9.9133338738636750e-02
1.9686371408666666e+14 6.8689592666319366e-01 -9.4601141160100169e-02
1.9711354113500000e+14 6.8491265464090267e-01 -8.9413893904005740e-02
1.9736336818333331e+14 6.8242028569441293e-01 -8.3555255504697182e-02
1.9761319523166666e+14 6.7936423574391780e-01 -7.7096684936340809e-02
1.9786302228000000e+14 6.7574819863500313e-01 -7.0078369459895179e-02
1.9811284932833331e+14 6.7156473814109463e-01 -6.2467337654491008e-02
1.9836267637666666e+14 6.6676092273309984e-01 -5.4250570568902236e-02
1.9861250342500000e+14 6.6129380908944824e-01 -4.5477189655298580e-02
1.9886233047333331e+14 6.5515838045378061e-01 -3.6170242842073520e-02
1.9911215752166666e+14 6.4830511974280791e-01 -2.6279948776238703e-02
1.9936198457000000e+14 6.4058192316268281e-01 -1.5842997030609703e-02
1.9961181161833331e+14 6.3184760003994711e-01 -5.1766029568642638e-03
1.9986163866666666e+14 6.2215875448244218e-01 5.2130287189863650e-03
("port_4","mode 1",1,"port_2",1,"transmission",3.2323404542518866e-13)
(53, 3)
1.8737028624999997e+14 3.1426282359838249e-05 -1.4157514398911910e+00
1.8762011329833331e+14 3.0195946076989890e-05 -1.7578329447190864e+00
1.8786994034666662e+14 2.5422903947344333e-05 -2.1587325186318553e+00
1.8811976739499997e+14 1.7954082440085298e-05 -2.4939867212671851e+00
1.8836959444333331e+14 1.2278834066485999e-05 -2.6405606835002655e+00
1.8861942149166662e+14 1.0256811634330299e-05 -2.7925317466787605e+00
1.8886924853999997e+14 8.3742079565175116e-06 -3.2648704568434561e+00
1.8911907558833331e+14 5.2763036173686970e-06 -4.1617711771607677e+00
1.8936890263666662e+14 4.3058898420038751e-06 -5.6298306761401085e+00
1.8961872968499997e+14 5.8423044514182684e-06 -6.6810378950001157e+00
1.8986855673333331e+14 6.5225576590675507e-06 -7.2114203640417642e+00
1.9011838378166662e+14 6.7785608989759090e-06 -7.3880776092967961e+00
1.9036821082999997e+14 8.0882495321946351e-06 -7.4679062021240412e+00
1.9061803787833331e+14 9.6942055701211595e-06 -7.7036294170496866e+00
1.9086786492666666e+14 9.7308672895356515e-06 -7.9956152106948331e+00
1.9111769197499997e+14 8.2697141662034155e-06 -8.1915262839871890e+00
1.9136751902333331e+14 6.5627270622520982e-06 -8.1953956000936596e+00
1.9161734607166666e+14 6.0291635526515942e-06 -8.1086719659935724e+00
1.9186717311999997e+14 5.6093809502644256e-06 -8.0496070896318503e+00
1.9211700016833331e+14 4.8918133180471862e-06 -7.9411422362624062e+00
1.9236682721666666e+14 4.8764138186240782e-06 -7.7057767051594164e+00
1.9261665426499997e+14 5.4511405782154791e-06 -7.6502024903409360e+00
1.9286648131333331e+14 5.5467702355759575e-06 -7.7091113139523912e+00
1.9311630836166666e+14 4.9036403412078539e-06 -7.7751639039491778e+00
1.9336613540999997e+14 3.8739094317117511e-06 -7.7904488148325530e+00
1.9359660086208747e+14 2.9145764556838599e-06 -7.8585209172875858e+00
1.9361596245833331e+14 2.7220590696733470e-06 -7.8535215062543031e+00
1.9363532405457916e+14 2.5184861577099603e-06 -7.8585209172875858e+00
1.9386578950666666e+14 1.2877176429399275e-06 -8.1743897329115374e+00
1.9411561655499997e+14 9.3045952698027637e-07 -1.0675945898351024e+01
1.9436544360333331e+14 2.8868998959978315e-06 -1.1123485957976211e+01
1.9461527065166666e+14 4.3989212409799624e-06 -1.1276406328158853e+01
1.9486509769999997e+14 5.3426486770327139e-06 -1.1343898983577196e+01
1.9511492474833331e+14 5.9862332934225465e-06 -1.1349188028596862e+01
1.9536475179666666e+14 6.5421084546045113e-06 -1.1383628801129110e+01
1.9561457884499997e+14 6.1430541631109896e-06 -1.1462095698526531e+01
1.9586440589333331e+14 5.0781761656894617e-06 -1.1544830109348242e+01
1.9611423294166666e+14 3.4400120127518748e-06 -1.1607373061261875e+01
1.9636405999000000e+14 1.5710128728663554e-06 -1.1707001083863647e+01
1.9661388703833331e+14 6.6972086540335138e-07 -1.4117194181042052e+01
1.9686371408666666e+14 3.2038321334859671e-06 -1.4598390473206134e+01
1.9711354113500000e+14 6.0033908470374256e-06 -1.4723878147535210e+01
1.9736336818333331e+14 8.7686930317991860e-06 -1.4828565346545219e+01
1.9761319523166666e+14 1.1038952881252549e-05 -1.4931323042324733e+01
1.9786302228000000e+14 1.2792547416300383e-05 -1.5031947657038796e+01
1.9811284932833331e+14 1.3580747783645820e-05 -1.5133288722925895e+01
1.9836267637666666e+14 1.3300181569779543e-05 -1.5233642618953027e+01
1.9861250342500000e+14 1.1874732592544945e-05 -1.5316442765337449e+01
1.9886233047333331e+14 9.3906025185275681e-06 -1.5371568373474869e+01
1.9911215752166666e+14 5.8587812569950065e-06 -1.5332713567454373e+01
1.9936198457000000e+14 2.4393587098488510e-06 -1.4556196732295465e+01
1.9961181161833331e+14 5.8736892896961363e-06 -1.3377276732256970e+01
1.9986163866666666e+14 1.1206839708357680e-05 -1.3341888794208666e+01
("port_4","mode 1",1,"port_3",1,"transmission",2.6005471916245255e-12)
(53, 3)
1.8737028624999997e+14 4.2486363030500118e-01 1.7518282677551991e+00
1.8762011329833331e+14 4.3215000746991750e-01 1.7289653832265368e+00
1.8786994034666662e+14 4.3946615598971506e-01 1.7047371533591702e+00
1.8811976739499997e+14 4.4752020363712958e-01 1.6793474574108971e+00
1.8836959444333331e+14 4.5684835080755298e-01 1.6543660224914052e+00
1.8861942149166662e+14 4.6729376029823949e-01 1.6317045434156285e+00
1.8886924853999997e+14 4.7805531622164521e-01 1.6121828298445111e+00
1.8911907558833331e+14 4.8832448895448061e-01 1.5949261209510031e+00
1.8936890263666662e+14 4.9794953865057945e-01 1.5782460248419072e+00
1.8961872968499997e+14 5.0747912856805455e-01 1.5612039674254949e+00
1.8986855673333331e+14 5.1753925259872724e-01 1.5443406267254278e+00
1.9011838378166662e+14 5.2819850952217273e-01 1.5288828996185040e+00
1.9036821082999997e+14 5.3898834848028709e-01 1.5154391212276066e+00
1.9061803787833331e+14 5.4945636477425874e-01 1.5036165438502438e+00
1.9086786492666666e+14 5.5954051443202868e-01 1.4927301319249919e+00
1.9111769197499997e+14 5.6943804035677570e-01 1.4825338892712800e+00
1.9136751902333331e+14 5.7928068240621455e-01 1.4731963929389644e+00
1.9161734607166666e+14 5.8904319674709504e-01 1.4649093096084846e+00
1.9186717311999997e+14 5.9867334672933092e-01 1.4577468301234062e+00
1.9211700016833331e+14 6.0812954195656843e-01 1.4517884804257175e+00
1.9236682721666666e+14 6.1730239668152898e-01 1.4471440689371988e+00
1.9261665426499997e+14 6.2601966417716093e-01 1.4437819972764634e+00
1.9286648131333331e+14 6.3415166024142056e-01 1.4414944937376917e+00
1.9311630836166666e+14 6.4166479413967625e-01 1.4400697182331270e+00
1.9336613540999997e+14 6.4855848611703359e-01 1.4393571769674038e+00
1.9359660086208747e+14 6.5437346657256334e-01 1.4391715676829402e+00
1.9361596245833331e+14 6.5483978142736954e-01 1.4391707100350828e+00
1.9363532405457916e+14 6.5530299378619961e-01 1.4391715676829400e+00
1.9386578950666666e+14 6.6062075753245264e-01 1.4393025538431270e+00
1.9411561655499997e+14 6.6613668039085316e-01 1.4397520270723569e+00
1.9436544360333331e+14 6.7155291852480004e-01 1.4408456156310414e+00
1.9461527065166666e+14 6.7678302035907334e-01 1.4429712933449137e+00
1.9486509769999997e+14 6.8159673030965096e-01 1.4462051349661478e+00
1.9511492474833331e+14 6.8589770347200607e-01 1.4503517774700418e+00
1.9536475179666666e+14 6.8979532166924495e-01 1.4553453316256999e+00
1.9561457884499997e+14 6.9336995855096051e-01 1.4614623564039226e+00
1.9586440589333331e+14 6.9645057222742945e-01 1.4690857356057527e+00
1.9611423294166666e+14 6.9866477189724618e-01 1.4783532008405436e+00
1.9636405999000000e+14 6.9962659129889238e-01 1.4890663775273691e+00
1.9661388703833331e+14 6.9904424920555397e-01 1.5007789256555408e+00
1.9686371408666666e+14 6.9679265079102304e-01 1.5128300132169838e+00
1.9711354113500000e+14 6.9305189436820347e-01 1.5244503090034676e+00
1.9736336818333331e+14 6.8836240960919770e-01 1.5351694229984580e+00
1.9761319523166666e+14 6.8333001080620448e-01 1.5452308376773576e+00
1.9786302228000000e+14 6.7814058565839508e-01 1.5554187981773364e+00
1.9811284932833331e+14 6.7243606669870670e-01 1.5662768484287528e+00
1.9836267637666666e+14 6.6575934410488857e-01 1.5775283510949589e+00
1.9861250342500000e+14 6.5808227493946991e-01 1.5883797076464223e+00
1.9886233047333331e+14 6.4984342930305994e-01 1.5983066923900564e+00
1.9911215752166666e+14 6.4154420254305178e-01 1.6074349186739150e+00
1.9936198457000000e+14 6.3344060134473390e-01 1.6162741587296516e+00
1.9961181161833331e+14 6.2556679580709507e-01 1.6253656086148298e+00
1.9986163866666666e+14 6.1782187448775250e-01 1.6352440282806631e+00
("port_4","mode 1",1,"port_4",1,"transmission",2.0179976785792953e-13)
(53, 3)
1.8737028624999997e+14 2.8976667441023233e-03 -1.4516240024471814e+00
1.8762011329833331e+14 2.5895775959596688e-03 -1.7569049066438069e+00
1.8786994034666662e+14 2.3086181170627607e-03 -2.0955208529287765e+00
1.8811976739499997e+14 2.0965334136769710e-03 -2.4629064639813181e+00
1.8836959444333331e+14 1.9666919582311069e-03 -2.8407075633930043e+00
1.8861942149166662e+14 1.8952607434609377e-03 -3.2063985683580682e+00
1.8886924853999997e+14 1.8383322400391381e-03 -3.5482577538313667e+00
1.8911907558833331e+14 1.7580802420821594e-03 -3.8703840470798494e+00
1.8936890263666662e+14 1.6385484698937746e-03 -4.1879644781344147e+00
1.8961872968499997e+14 1.4893716526876968e-03 -4.5215731906726191e+00
1.8986855673333331e+14 1.3417223266890830e-03 -4.8913012865062120e+00
1.9011838378166662e+14 1.2388543842906843e-03 -5.3032378795278499e+00
1.9036821082999997e+14 1.2118806633930055e-03 -5.7303657720982635e+00
1.9061803787833331e+14 1.2536083907866240e-03 -6.1250418082973770e+00
1.9086786492666666e+14 1.3228006454912289e-03 -6.4593846411908133e+00
1.9111769197499997e+14 1.3730326826212789e-03 -6.7362120905479417e+00
1.9136751902333331e+14 1.3726110098014528e-03 -6.9710020789796463e+00
1.9161734607166666e+14 1.3085167346563642e-03 -7.1796805758978097e+00
1.9186717311999997e+14 1.1838243627228389e-03 -7.3766930681057099e+00
1.9211700016833331e+14 1.0139624882713279e-03 -7.5765995549100777e+00
1.9236682721666666e+14 8.2153629411713276e-04 -7.7966738522083379e+00
1.9261665426499997e+14 6.3379159553935923e-04 -8.0578225741978162e+00
1.9286648131333331e+14 4.7769910010552369e-04 -8.3765649824682082e+00
1.9311630836166666e+14 3.7096483859159357e-04 -8.7317654199096264e+00
1.9336613540999997e+14 3.0752652430050760e-04 -9.0248799292660387e+00
1.9359660086208747e+14 2.7017127360872773e-04 -9.1242124726390390e+00
1.9361596245833331e+14 2.6770184728882674e-04 -9.1250750941202092e+00
1.9363532405457916e+14 2.6558669988766925e-04 -9.1242124726390390e+00
1.9386578950666666e+14 2.5746810911980695e-04 -8.9565294253214205e+00
1.9411561655499997e+14 3.1429960843123073e-04 -8.6600205027120047e+00
1.9436544360333331e+14 4.4554115236861695e-04 -8.4928165182759585e+00
1.9461527065166666e+14 6.1706198757457888e-04 -8.4651764442676871e+00
1.9486509769999997e+14 7.9526719679894986e-04 -8.5201944304637820e+00
1.9511492474833331e+14 9.5413095867673920e-04 -8.6279630033496471e+00
1.9536475179666666e+14 1.0753650363273660e-03 -8.7780450438403506e+00
1.9561457884499997e+14 1.1514854652021600e-03 -8.9701666694053763e+00
1.9586440589333331e+14 1.1894156379623289e-03 -9.2086540720804138e+00
1.9611423294166666e+14 1.2113582003210942e-03 -9.4966747304868964e+00
1.9636405999000000e+14 1.2500623621687851e-03 -9.8269828987232586e+00
1.9661388703833331e+14 1.3340205266142761e-03 -1.0175614522867091e+01
1.9686371408666666e+14 1.4700945146438648e-03 -1.0512708240585148e+01
1.9711354113500000e+14 1.6396443318815958e-03 -1.0819417817826832e+01
1.9736336818333331e+14 1.8092762642201298e-03 -1.1096728145484471e+01
1.9761319523166666e+14 1.9484038033583981e-03 -1.1354745463645575e+01
1.9786302228000000e+14 2.0361663051240942e-03 -1.1606056660413625e+01
1.9811284932833331e+14 2.0660487126165031e-03 -1.1863601992060451e+01
1.9836267637666666e+14 2.0480701385713466e-03 -1.2139285000264451e+01
1.9861250342500000e+14 2.0066061469089735e-03 -1.2442589836645629e+01
1.9886233047333331e+14 1.9767187652115778e-03 -1.2775648694202919e+01
1.9911215752166666e+14 1.9903566990552395e-03 -1.3128655686611545e+01
1.9936198457000000e+14 2.0607443103010051e-03 -1.3481927949577909e+01
1.9961181161833331e+14 2.1743561753160483e-03 -1.3817235819714165e+01
1.9986163866666666e+14 2.2995195249806296e-03 -1.4128017857777104e+01
